timestamp,lap,vehicle_id,steering_angle,accx_can,accy_can,ath,gear,nmot,pbrake_f,pbrake_r,speed
2025-03-27T23:07:33.521Z,10,GR86-022-013,25.3,0.126,0.634,99.9,4.0,,0.0,0.0,
2025-03-27T23:07:33.565Z,10,GR86-022-013,25.3,0.155,0.6910000000000001,99.89,4.0,6711.0,0.0,0.0,170.28
2025-03-27T23:07:33.610Z,10,GR86-022-013,25.200000000000003,0.153,0.705,99.87,4.0,,0.0,0.0,
2025-03-27T23:07:33.655Z,10,GR86-022-013,25.1,0.133,0.6880000000000001,99.87,4.0,,0.0,0.0,
2025-03-27T23:07:33.700Z,10,GR86-022-013,25.1,0.135,0.666,99.88,4.0,,0.0,0.0,
2025-03-27T23:07:33.744Z,10,GR86-022-013,25.1,0.119,0.679,99.89,4.0,,0.0,0.0,
2025-03-27T23:07:33.788Z,10,GR86-022-013,25.1,0.118,0.654,99.87,4.0,6754.0,0.0,0.0,171.42000000000002
2025-03-27T23:07:33.832Z,10,GR86-022-013,25.1,0.188,0.64,99.88,4.0,,0.0,0.0,
2025-03-27T23:07:33.876Z,10,GR86-022-013,25.1,0.173,0.65,99.89,4.0,,0.0,0.0,
2025-03-27T23:07:33.920Z,10,GR86-022-013,25.5,0.169,0.642,99.86,4.0,,0.0,0.0,
2025-03-27T23:07:33.965Z,10,GR86-022-013,26.4,0.167,0.658,99.87,4.0,,0.0,0.0,
2025-03-27T23:07:34.010Z,10,GR86-022-013,28.200000000000003,0.159,0.65,99.9,4.0,6784.0,0.0,0.0,172.41
2025-03-27T23:07:34.055Z,10,GR86-022-013,28.9,0.168,0.685,99.87,4.0,,0.0,0.0,
2025-03-27T23:07:34.101Z,10,GR86-022-013,28.700000000000003,0.19,0.706,99.88,4.0,,0.0,0.0,
2025-03-27T23:07:34.145Z,10,GR86-022-013,27.8,0.181,0.724,99.88,4.0,,0.0,0.0,
2025-03-27T23:07:34.190Z,10,GR86-022-013,27.0,0.107,0.754,99.88,4.0,,0.0,0.0,
2025-03-27T23:07:34.234Z,10,GR86-022-013,27.0,0.117,0.75,99.89,4.0,6828.0,0.0,0.0,173.36
2025-03-27T23:07:34.278Z,10,GR86-022-013,27.0,0.117,0.79,99.88,4.0,,0.0,0.0,
2025-03-27T23:07:34.322Z,10,GR86-022-013,27.0,0.135,0.766,99.89,4.0,,0.0,0.0,
2025-03-27T23:07:34.366Z,10,GR86-022-013,27.0,0.117,0.758,99.89,4.0,,0.0,0.0,
2025-03-27T23:07:34.411Z,10,GR86-022-013,27.0,0.161,0.744,99.88,4.0,,0.0,0.0,
2025-03-27T23:07:34.455Z,10,GR86-022-013,27.4,0.174,0.761,99.89,4.0,6882.0,0.0,0.0,174.3
2025-03-27T23:07:34.500Z,10,GR86-022-013,27.9,0.157,0.736,99.9,4.0,,0.0,0.0,
2025-03-27T23:07:34.544Z,10,GR86-022-013,28.200000000000003,0.156,0.744,99.89,4.0,,0.0,0.0,
2025-03-27T23:07:34.588Z,10,GR86-022-013,28.3,0.143,0.75,99.89,4.0,,0.0,0.0,
2025-03-27T23:07:34.632Z,10,GR86-022-013,28.3,0.16,0.745,99.89,4.0,,0.0,0.0,
2025-03-27T23:07:34.676Z,10,GR86-022-013,28.3,0.169,0.718,99.89,4.0,6949.0,0.0,0.0,176.25
2025-03-27T23:07:34.721Z,10,GR86-022-013,28.6,0.16,0.713,99.89,4.0,,0.0,0.0,
2025-03-27T23:07:34.765Z,10,GR86-022-013,29.3,0.169,0.745,99.89,4.0,,0.0,0.0,
2025-03-27T23:07:34.810Z,10,GR86-022-013,31.1,0.117,0.781,99.9,4.0,,0.0,0.0,
2025-03-27T23:07:34.855Z,10,GR86-022-013,33.2,0.129,0.791,99.88,4.0,,0.0,0.0,
2025-03-27T23:07:34.900Z,10,GR86-022-013,34.6,0.097,0.802,99.89,4.0,6970.0,0.0,0.0,177.07
2025-03-27T23:07:34.944Z,10,GR86-022-013,34.6,0.116,0.801,99.9,4.0,,0.0,0.0,
2025-03-27T23:07:34.988Z,10,GR86-022-013,34.1,0.126,0.8270000000000001,99.88,4.0,,0.0,0.0,
2025-03-27T23:07:35.032Z,10,GR86-022-013,33.1,0.168,0.868,99.88,4.0,,0.0,0.0,
2025-03-27T23:07:35.076Z,10,GR86-022-013,32.5,0.153,0.866,99.89,4.0,,0.0,0.0,
2025-03-27T23:07:35.120Z,10,GR86-022-013,31.700000000000003,0.157,0.935,99.88,4.0,7020.0,0.0,0.0,177.97
2025-03-27T23:07:35.165Z,10,GR86-022-013,31.3,0.138,0.999,99.88,4.0,,0.0,0.0,
2025-03-27T23:07:35.210Z,10,GR86-022-013,31.1,0.126,1.0,99.89,4.0,,0.0,0.0,
2025-03-27T23:07:35.254Z,10,GR86-022-013,31.1,0.125,0.92,99.87,4.0,,0.0,0.0,
2025-03-27T23:07:35.298Z,10,GR86-022-013,31.1,0.127,0.8140000000000001,99.89,4.0,,0.0,0.0,
2025-03-27T23:07:35.342Z,10,GR86-022-013,31.1,0.108,0.804,99.91,4.0,7049.0,0.0,0.0,178.97
2025-03-27T23:07:35.386Z,10,GR86-022-013,31.200000000000003,0.132,0.794,99.89,4.0,,0.0,0.0,
2025-03-27T23:07:35.431Z,10,GR86-022-013,32.2,0.162,0.784,99.89,4.0,,0.0,0.0,
2025-03-27T23:07:35.475Z,10,GR86-022-013,32.2,0.101,0.887,99.88,4.0,,0.0,0.0,
2025-03-27T23:07:35.521Z,10,GR86-022-013,32.2,0.193,0.774,99.88,4.0,,0.0,0.0,
2025-03-27T23:07:35.565Z,10,GR86-022-013,32.2,0.112,0.8150000000000001,99.91,4.0,7069.0,0.0,0.0,179.47
2025-03-27T23:07:35.611Z,10,GR86-022-013,33.300000000000004,0.109,0.941,99.89,4.0,,0.0,0.0,
2025-03-27T23:07:35.655Z,10,GR86-022-013,35.9,0.148,0.987,99.9,4.0,,0.0,0.0,
2025-03-27T23:07:35.700Z,10,GR86-022-013,38.900000000000006,0.12,0.961,99.9,4.0,,0.0,0.0,
2025-03-27T23:07:35.744Z,10,GR86-022-013,41.3,0.117,0.927,99.91,4.0,,0.0,0.0,
2025-03-27T23:07:35.788Z,10,GR86-022-013,42.2,0.12,0.959,99.89,4.0,7127.0,0.0,0.0,180.5
2025-03-27T23:07:35.832Z,10,GR86-022-013,41.400000000000006,0.119,1.054,99.89,4.0,,0.0,0.0,
2025-03-27T23:07:35.876Z,10,GR86-022-013,38.8,0.152,1.021,99.88,4.0,,0.0,0.0,
2025-03-27T23:07:35.921Z,10,GR86-022-013,36.2,0.141,1.027,99.86,4.0,,0.0,0.0,
2025-03-27T23:07:35.965Z,10,GR86-022-013,36.0,0.111,0.931,99.89,4.0,,0.0,0.0,
2025-03-27T23:07:36.010Z,10,GR86-022-013,36.8,0.147,1.076,99.89,4.0,7133.0,0.0,0.0,181.34
2025-03-27T23:07:36.055Z,10,GR86-022-013,37.7,0.124,1.175,99.91,4.0,,0.0,0.0,
2025-03-27T23:07:36.099Z,10,GR86-022-013,39.3,0.097,1.172,99.88,4.0,,0.0,0.0,
2025-03-27T23:07:36.144Z,10,GR86-022-013,41.5,0.14,1.137,99.9,4.0,,0.0,0.0,
2025-03-27T23:07:36.188Z,10,GR86-022-013,43.400000000000006,0.118,1.088,99.9,4.0,,0.0,0.0,
2025-03-27T23:07:36.232Z,10,GR86-022-013,47.7,0.122,1.098,99.91,4.0,7187.0,0.0,0.0,181.81
2025-03-27T23:07:36.276Z,10,GR86-022-013,52.0,0.126,1.078,99.91,4.0,,0.0,0.0,
2025-03-27T23:07:36.320Z,10,GR86-022-013,53.0,0.105,1.081,99.89,4.0,,0.0,0.0,
2025-03-27T23:07:36.364Z,10,GR86-022-013,51.2,0.085,1.13,99.9,4.0,,0.0,0.0,
2025-03-27T23:07:36.408Z,10,GR86-022-013,48.6,0.112,1.188,99.88,4.0,,0.0,0.0,
2025-03-27T23:07:36.452Z,10,GR86-022-013,46.400000000000006,0.11,1.303,99.89,4.0,7187.0,0.0,0.0,182.64
2025-03-27T23:07:36.496Z,10,GR86-022-013,46.0,0.123,1.348,99.89,4.0,,0.0,0.0,
2025-03-27T23:07:36.540Z,10,GR86-022-013,46.0,0.124,1.331,99.9,4.0,,0.0,0.0,
2025-03-27T23:07:36.585Z,10,GR86-022-013,47.1,0.114,1.36,99.9,4.0,,0.0,0.0,
2025-03-27T23:07:36.630Z,10,GR86-022-013,49.2,0.073,1.381,99.89,4.0,,0.0,0.0,
2025-03-27T23:07:36.675Z,10,GR86-022-013,49.0,0.083,1.434,99.91,4.0,7252.0,0.0,0.0,183.33
2025-03-27T23:07:36.765Z,10,GR86-022-013,46.7,0.082,1.434,99.9,4.0,,0.0,0.0,
2025-03-27T23:07:36.811Z,10,GR86-022-013,44.6,0.125,1.474,99.92,4.0,,0.0,0.0,
2025-03-27T23:07:36.855Z,10,GR86-022-013,46.5,0.136,1.43,99.88,4.0,,0.0,0.0,
2025-03-27T23:07:36.899Z,10,GR86-022-013,47.1,0.114,1.428,99.9,4.0,7241.0,0.0,0.0,183.46
2025-03-27T23:07:36.944Z,10,GR86-022-013,47.0,0.141,1.404,99.91,4.0,,0.0,0.0,
2025-03-27T23:07:36.988Z,10,GR86-022-013,46.3,0.142,1.371,99.88,4.0,,0.0,0.0,
2025-03-27T23:07:37.032Z,10,GR86-022-013,46.2,0.088,1.344,99.89,4.0,,0.0,0.0,
2025-03-27T23:07:37.076Z,10,GR86-022-013,47.0,0.092,1.325,99.89,4.0,,0.0,0.0,
2025-03-27T23:07:37.121Z,10,GR86-022-013,48.3,0.114,1.181,99.91,4.0,7227.0,0.0,0.0,183.7
2025-03-27T23:07:37.165Z,10,GR86-022-013,49.8,0.079,1.203,99.92,4.0,,0.0,0.0,
2025-03-27T23:07:37.210Z,10,GR86-022-013,51.8,0.103,1.235,99.89,4.0,,0.0,0.0,
2025-03-27T23:07:37.254Z,10,GR86-022-013,51.6,0.151,1.254,99.91,4.0,,0.0,0.0,
2025-03-27T23:07:37.298Z,10,GR86-022-013,49.0,0.114,1.251,99.89,4.0,,0.0,0.0,
2025-03-27T23:07:37.342Z,10,GR86-022-013,41.900000000000006,0.081,1.264,99.88,4.0,7231.0,0.0,0.0,183.8
2025-03-27T23:07:37.386Z,10,GR86-022-013,35.300000000000004,0.112,1.273,99.88,4.0,,0.0,0.0,
2025-03-27T23:07:37.431Z,10,GR86-022-013,39.1,0.128,1.211,99.88,4.0,,0.0,0.0,
2025-03-27T23:07:37.475Z,10,GR86-022-013,45.7,0.106,1.138,99.88,4.0,,0.0,0.0,
2025-03-27T23:07:37.520Z,10,GR86-022-013,48.8,0.094,1.184,99.91,4.0,,0.0,0.0,
2025-03-27T23:07:37.565Z,10,GR86-022-013,49.2,0.132,1.16,99.89,4.0,7239.0,0.0,0.0,183.89
2025-03-27T23:07:37.655Z,10,GR86-022-013,42.7,0.061,1.069,45.84,4.0,,0.0,0.0,
2025-03-27T23:07:37.700Z,10,GR86-022-013,38.5,0.08,1.119,34.54,4.0,,0.0,0.0,
2025-03-27T23:07:37.744Z,10,GR86-022-013,36.0,0.064,1.21,32.85,4.0,,0.0,0.0,
2025-03-27T23:07:37.788Z,10,GR86-022-013,36.3,0.032,1.261,31.5,4.0,7247.0,0.0,0.0,183.64
2025-03-27T23:07:37.832Z,10,GR86-022-013,38.0,0.028,1.332,24.28,4.0,,0.0,0.0,
2025-03-27T23:07:37.876Z,10,GR86-022-013,39.2,-0.008,1.309,18.89,4.0,,0.0,0.0,
2025-03-27T23:07:37.921Z,10,GR86-022-013,43.1,-0.017,1.352,9.29,4.0,,0.0,0.0,
2025-03-27T23:07:37.965Z,10,GR86-022-013,47.7,-0.034,1.25,8.05,4.0,,0.0,0.0,
2025-03-27T23:07:38.011Z,10,GR86-022-013,56.5,-0.176,1.132,6.94,4.0,7196.0,0.0,0.0,183.6
2025-03-27T23:07:38.055Z,10,GR86-022-013,59.5,-0.177,1.162,6.72,4.0,,0.0,0.0,
2025-03-27T23:07:38.100Z,10,GR86-022-013,58.6,-0.155,1.206,6.33,4.0,,0.0,0.0,
2025-03-27T23:07:38.144Z,10,GR86-022-013,52.5,-0.28,1.31,5.91,4.0,,0.0,0.0,
2025-03-27T23:07:38.188Z,10,GR86-022-013,45.900000000000006,-0.261,1.444,5.62,4.0,,0.0,0.0,
2025-03-27T23:07:38.232Z,10,GR86-022-013,44.0,-0.229,1.509,5.96,4.0,6990.0,0.0,0.0,183.17
2025-03-27T23:07:38.276Z,10,GR86-022-013,44.6,-0.243,1.449,5.99,4.0,,0.0,0.0,
2025-03-27T23:07:38.321Z,10,GR86-022-013,45.6,-0.232,1.618,5.65,4.0,,0.0,0.0,
2025-03-27T23:07:38.365Z,10,GR86-022-013,46.400000000000006,-0.179,1.464,5.28,4.0,,0.0,0.0,
2025-03-27T23:07:38.410Z,10,GR86-022-013,49.0,-0.18,1.534,3.44,4.0,,0.0,0.0,
2025-03-27T23:07:38.454Z,10,GR86-022-013,52.5,-0.218,1.538,2.71,4.0,6904.0,0.0,0.0,181.51
2025-03-27T23:07:38.498Z,10,GR86-022-013,57.2,-0.223,1.356,2.58,4.0,,0.0,0.0,
2025-03-27T23:07:38.542Z,10,GR86-022-013,61.2,-0.217,1.367,2.53,4.0,,0.0,0.0,
2025-03-27T23:07:38.586Z,10,GR86-022-013,65.4,-0.217,1.389,2.51,4.0,,0.0,0.0,
2025-03-27T23:07:38.631Z,10,GR86-022-013,65.5,-0.195,1.444,2.51,4.0,,0.0,0.0,
2025-03-27T23:07:38.675Z,10,GR86-022-013,64.0,-0.252,1.525,2.5,4.0,6771.0,0.0,0.0,176.97
2025-03-27T23:07:38.720Z,10,GR86-022-013,64.0,-0.209,1.448,2.49,4.0,,0.0,0.0,
2025-03-27T23:07:38.764Z,10,GR86-022-013,64.2,-0.22,1.568,2.5,4.0,,0.0,0.0,
2025-03-27T23:07:38.808Z,10,GR86-022-013,64.4,-0.231,1.63,2.49,4.0,,0.0,0.0,
2025-03-27T23:07:38.852Z,10,GR86-022-013,68.10000000000001,-0.19,1.5,2.48,4.0,,0.0,0.0,
2025-03-27T23:07:38.896Z,10,GR86-022-013,68.60000000000001,-0.211,1.665,2.49,4.0,6691.0,0.0,0.0,174.55
2025-03-27T23:07:38.940Z,10,GR86-022-013,66.9,-0.229,1.776,2.48,4.0,,0.0,0.0,
2025-03-27T23:07:38.984Z,10,GR86-022-013,63.3,-0.243,1.914,2.47,4.0,,0.0,0.0,
2025-03-27T23:07:39.028Z,10,GR86-022-013,57.0,-0.237,1.799,2.46,4.0,,0.0,0.0,
2025-03-27T23:07:39.072Z,10,GR86-022-013,35.9,-0.213,1.691,2.5500000000000003,4.0,,0.0,0.0,
2025-03-27T23:07:39.116Z,10,GR86-022-013,28.3,-0.168,1.439,2.5500000000000003,4.0,6610.0,0.0,0.0,171.77
2025-03-27T23:07:39.160Z,10,GR86-022-013,31.3,-0.173,1.244,2.56,4.0,,0.0,0.0,
2025-03-27T23:07:39.204Z,10,GR86-022-013,39.3,-0.137,1.101,2.5500000000000003,4.0,,0.0,0.0,
2025-03-27T23:07:39.248Z,10,GR86-022-013,45.8,-0.152,1.155,2.56,4.0,,0.0,0.0,
2025-03-27T23:07:39.292Z,10,GR86-022-013,51.8,-0.24,1.14,2.5500000000000003,4.0,,0.0,0.0,
2025-03-27T23:07:39.336Z,10,GR86-022-013,55.3,-0.205,1.055,2.5500000000000003,4.0,6435.0,0.0,0.0,168.81
2025-03-27T23:07:39.382Z,10,GR86-022-013,61.0,-0.171,0.981,2.54,4.0,,0.0,0.0,
2025-03-27T23:07:39.426Z,10,GR86-022-013,65.7,-0.14,1.061,2.54,4.0,,0.0,0.0,
2025-03-27T23:07:39.471Z,10,GR86-022-013,60.2,-0.205,1.108,2.53,4.0,,0.0,0.0,
2025-03-27T23:07:39.515Z,10,GR86-022-013,49.0,-0.237,1.262,2.58,4.0,,0.0,0.0,
2025-03-27T23:07:39.560Z,10,GR86-022-013,37.3,-0.172,1.227,2.76,4.0,6334.0,0.0,0.0,166.20000000000002
2025-03-27T23:07:39.605Z,10,GR86-022-013,29.1,-0.173,1.275,2.81,4.0,,0.0,0.0,
2025-03-27T23:07:39.650Z,10,GR86-022-013,22.700000000000003,-0.276,1.378,3.59,4.0,,0.0,0.0,
2025-03-27T23:07:39.695Z,10,GR86-022-013,28.8,-0.203,1.303,3.52,4.0,,0.0,0.0,
2025-03-27T23:07:39.740Z,10,GR86-022-013,38.2,-0.13,1.225,3.54,4.0,,0.0,0.0,
2025-03-27T23:07:39.784Z,10,GR86-022-013,50.3,-0.135,1.206,3.53,4.0,6224.0,0.0,0.0,164.25
2025-03-27T23:07:39.872Z,10,GR86-022-013,63.8,-0.133,1.184,3.53,4.0,,0.0,0.0,
2025-03-27T23:07:39.916Z,10,GR86-022-013,71.9,-0.143,1.087,3.36,4.0,,0.0,0.0,
2025-03-27T23:07:39.961Z,10,GR86-022-013,68.4,-0.186,1.269,3.38,4.0,,0.0,0.0,
2025-03-27T23:07:40.005Z,10,GR86-022-013,67.3,-0.143,1.205,3.17,4.0,6115.0,0.0,0.0,161.01
2025-03-27T23:07:40.050Z,10,GR86-022-013,63.3,-0.203,1.572,2.98,4.0,,0.0,0.0,
2025-03-27T23:07:40.095Z,10,GR86-022-013,56.6,-0.199,1.531,2.98,4.0,,0.0,0.0,
2025-03-27T23:07:40.140Z,10,GR86-022-013,49.3,-0.159,1.525,2.87,4.0,,0.0,0.0,
2025-03-27T23:07:40.185Z,10,GR86-022-013,45.6,-0.174,1.534,2.84,4.0,,0.0,0.0,
2025-03-27T23:07:40.230Z,10,GR86-022-013,45.1,-0.147,1.517,2.74,4.0,6026.0,0.0,0.0,158.47
2025-03-27T23:07:40.275Z,10,GR86-022-013,45.0,-0.097,1.284,2.66,4.0,,0.0,0.0,
2025-03-27T23:07:40.321Z,10,GR86-022-013,41.7,-0.138,1.071,2.62,4.0,,0.0,0.0,
2025-03-27T23:07:40.365Z,10,GR86-022-013,33.800000000000004,-0.126,0.917,2.57,4.0,,0.0,0.0,
2025-03-27T23:07:40.411Z,10,GR86-022-013,21.3,-0.105,0.998,2.54,4.0,,0.0,0.0,
2025-03-27T23:07:40.455Z,10,GR86-022-013,21.1,-0.123,1.022,2.54,4.0,5926.0,4.47,4.715,156.31
2025-03-27T23:07:40.499Z,10,GR86-022-013,21.4,-0.177,1.056,2.52,4.0,,8.88,9.095,
2025-03-27T23:07:40.544Z,10,GR86-022-013,11.9,-0.243,1.029,2.52,4.0,,11.34,11.46,
2025-03-27T23:07:40.588Z,10,GR86-022-013,2.1,-0.193,0.918,2.51,4.0,,13.795,14.115,
2025-03-27T23:07:40.632Z,10,GR86-022-013,2.2,-0.437,0.763,2.51,4.0,,21.99,21.99,
2025-03-27T23:07:40.676Z,10,GR86-022-013,6.9,-0.544,0.611,2.7,4.0,5608.0,31.65,31.65,149.86
2025-03-27T23:07:40.721Z,10,GR86-022-013,3.1,-0.765,0.508,39.74,3.0,,45.81,45.43,
2025-03-27T23:07:40.765Z,10,GR86-022-013,-4.6000000000000005,-0.934,0.394,37.84,3.0,,60.2,59.925,
2025-03-27T23:07:40.810Z,10,GR86-022-013,-8.0,-1.136,0.253,4.32,3.0,,74.315,75.81,
2025-03-27T23:07:40.855Z,10,GR86-022-013,-5.2,-1.207,0.258,3.75,3.0,,65.08500000000001,66.55,
2025-03-27T23:07:40.900Z,10,GR86-022-013,-3.0,-0.983,0.24,3.49,3.0,5455.0,52.92,53.715,141.89
2025-03-27T23:07:40.944Z,10,GR86-022-013,-8.4,-1.001,0.273,3.31,3.0,,46.59,47.43,
2025-03-27T23:07:40.988Z,10,GR86-022-013,-18.8,-0.908,0.22,3.18,3.0,,44.345,45.305,
2025-03-27T23:07:41.032Z,10,GR86-022-013,-32.800000000000004,-1.12,0.066,3.0,3.0,,48.055,48.68,
2025-03-27T23:07:41.120Z,10,GR86-022-013,-28.700000000000003,-1.174,-0.328,2.81,3.0,5911.0,59.955,60.43,133.97
2025-03-27T23:07:41.164Z,10,GR86-022-013,-21.6,-1.162,-0.259,2.73,3.0,,59.36,59.485,
2025-03-27T23:07:41.208Z,10,GR86-022-013,-16.2,-1.167,-0.344,2.68,3.0,,56.4,57.025,
2025-03-27T23:07:41.252Z,10,GR86-022-013,-16.0,-1.139,-0.474,2.65,3.0,,46.71,47.55,
2025-03-27T23:07:41.296Z,10,GR86-022-013,-17.3,-0.939,-0.55,35.87,3.0,,40.33,40.99,
2025-03-27T23:07:41.341Z,10,GR86-022-013,-18.1,-0.843,-0.673,82.03,3.0,5467.0,35.955,36.67,125.73
2025-03-27T23:07:41.385Z,10,GR86-022-013,-17.0,-0.798,-0.6920000000000001,99.4,2.0,,34.12,34.9,
2025-03-27T23:07:41.430Z,10,GR86-022-013,0.2,-0.876,-0.765,9.19,2.0,,29.56,30.215,
2025-03-27T23:07:41.475Z,10,GR86-022-013,8.3,-0.856,-0.581,3.33,2.0,,27.115,27.925,
2025-03-27T23:07:41.521Z,10,GR86-022-013,-0.1,-0.716,-0.652,3.03,2.0,,25.24,25.955,
2025-03-27T23:07:41.565Z,10,GR86-022-013,-15.5,-0.756,-0.89,2.9,2.0,5757.0,22.675,23.15,119.61
2025-03-27T23:07:41.611Z,10,GR86-022-013,-32.7,-0.648,-0.92,2.74,2.0,,22.4,22.675,
2025-03-27T23:07:41.655Z,10,GR86-022-013,-33.5,-0.525,-1.069,2.69,2.0,,21.56,22.31,
2025-03-27T23:07:41.700Z,10,GR86-022-013,-33.1,-0.601,-1.114,2.67,2.0,,18.36,19.12,
2025-03-27T23:07:41.744Z,10,GR86-022-013,-36.2,-0.502,-1.133,2.63,2.0,,11.935,12.36,
2025-03-27T23:07:41.788Z,10,GR86-022-013,-41.6,-0.283,-1.242,2.6,2.0,6116.0,4.87,5.4,113.56
2025-03-27T23:07:41.832Z,10,GR86-022-013,-47.7,-0.305,-1.212,2.56,2.0,,4.3950000000000005,4.87,
2025-03-27T23:07:41.876Z,10,GR86-022-013,-47.900000000000006,-0.308,-1.224,2.5500000000000003,2.0,,4.655,5.08,
2025-03-27T23:07:41.921Z,10,GR86-022-013,-47.1,-0.268,-1.227,2.53,2.0,,3.935,4.5,
2025-03-27T23:07:41.965Z,10,GR86-022-013,-47.1,-0.222,-1.227,2.53,2.0,,2.61,2.975,
2025-03-27T23:07:42.010Z,10,GR86-022-013,-47.6,-0.189,-1.244,2.53,2.0,5867.0,0.0,2.245,108.42
2025-03-27T23:07:42.054Z,10,GR86-022-013,-48.8,-0.144,-0.964,2.52,2.0,,0.0,2.215,
2025-03-27T23:07:42.098Z,10,GR86-022-013,-51.0,-0.264,-1.223,2.52,2.0,,1.83,2.215,
2025-03-27T23:07:42.142Z,10,GR86-022-013,-52.5,-0.187,-1.088,2.52,2.0,,0.0,0.0,
2025-03-27T23:07:42.186Z,10,GR86-022-013,-55.2,-0.133,-1.199,2.52,2.0,,0.0,0.0,
2025-03-27T23:07:42.231Z,10,GR86-022-013,-57.3,-0.185,-1.32,2.52,2.0,5745.0,0.0,0.0,105.12
2025-03-27T23:07:42.275Z,10,GR86-022-013,-56.7,-0.201,-1.214,2.52,2.0,,0.0,0.0,
2025-03-27T23:07:42.320Z,10,GR86-022-013,-56.0,-0.132,-1.125,2.52,2.0,,0.0,0.0,
2025-03-27T23:07:42.364Z,10,GR86-022-013,-54.2,-0.146,-1.328,2.52,2.0,,0.0,0.0,
2025-03-27T23:07:42.408Z,10,GR86-022-013,-47.6,-0.151,-1.278,2.52,2.0,,0.0,0.0,
2025-03-27T23:07:42.452Z,10,GR86-022-013,-38.5,-0.093,-1.006,2.52,2.0,5564.0,0.0,0.0,102.47
2025-03-27T23:07:42.496Z,10,GR86-022-013,-37.2,-0.123,-1.289,2.52,2.0,,0.0,0.0,
2025-03-27T23:07:42.540Z,10,GR86-022-013,-37.1,-0.132,-1.099,2.52,2.0,,0.0,0.0,
2025-03-27T23:07:42.585Z,10,GR86-022-013,-37.1,-0.102,-1.079,2.52,2.0,,0.0,0.0,
2025-03-27T23:07:42.630Z,10,GR86-022-013,-34.5,-0.063,-1.002,2.68,2.0,,0.0,0.0,
2025-03-27T23:07:42.675Z,10,GR86-022-013,-28.6,-0.127,-0.943,3.51,2.0,5173.0,0.0,0.0,97.97
2025-03-27T23:07:42.721Z,10,GR86-022-013,-21.1,-0.12,-0.907,4.19,2.0,,0.0,0.0,
2025-03-27T23:07:42.765Z,10,GR86-022-013,-14.7,-0.083,-1.12,4.76,2.0,,0.0,0.0,
2025-03-27T23:07:42.811Z,10,GR86-022-013,-13.0,-0.052,-0.923,16.73,2.0,,0.0,0.0,
2025-03-27T23:07:42.855Z,10,GR86-022-013,-18.9,-0.102,-0.8290000000000001,20.33,2.0,,0.0,0.0,
2025-03-27T23:07:42.899Z,10,GR86-022-013,-26.8,-0.174,-0.869,20.98,2.0,4924.0,0.0,0.0,95.43
2025-03-27T23:07:42.944Z,10,GR86-022-013,-33.5,-0.086,-0.957,21.24,2.0,,0.0,0.0,
2025-03-27T23:07:42.988Z,10,GR86-022-013,-38.3,-0.045,-0.935,21.41,2.0,,0.0,0.0,
2025-03-27T23:07:43.032Z,10,GR86-022-013,-36.6,0.017,-1.048,21.6,2.0,,0.0,0.0,
2025-03-27T23:07:43.121Z,10,GR86-022-013,-12.4,-0.067,-1.052,22.14,2.0,5184.0,0.0,0.0,92.84
2025-03-27T23:07:43.165Z,10,GR86-022-013,-1.5,-0.083,-1.047,23.29,2.0,,0.0,0.0,
2025-03-27T23:07:43.210Z,10,GR86-022-013,-2.1,0.092,-0.924,23.58,2.0,,0.0,0.0,
2025-03-27T23:07:43.254Z,10,GR86-022-013,-12.3,0.244,-1.015,22.6,2.0,,0.0,0.0,
2025-03-27T23:07:43.298Z,10,GR86-022-013,-24.1,0.359,-0.87,22.44,2.0,,0.0,0.0,
2025-03-27T23:07:43.342Z,10,GR86-022-013,-33.1,0.096,-1.023,22.29,2.0,5682.0,0.0,0.0,92.05
2025-03-27T23:07:43.386Z,10,GR86-022-013,-38.8,-0.013,-0.924,22.75,2.0,,0.0,0.0,
2025-03-27T23:07:43.431Z,10,GR86-022-013,-45.1,0.079,-0.851,24.38,2.0,,0.0,0.0,
2025-03-27T23:07:43.475Z,10,GR86-022-013,-47.3,0.102,-0.99,24.14,2.0,,0.0,0.0,
2025-03-27T23:07:43.520Z,10,GR86-022-013,-49.0,0.085,-0.8140000000000001,26.37,2.0,,0.0,0.0,
2025-03-27T23:07:43.565Z,10,GR86-022-013,-50.6,0.099,-0.934,27.57,2.0,5566.0,0.0,0.0,91.92
2025-03-27T23:07:43.610Z,10,GR86-022-013,-50.900000000000006,0.28,-0.8250000000000001,33.62,2.0,,0.0,0.0,
2025-03-27T23:07:43.655Z,10,GR86-022-013,-50.0,0.089,-0.838,40.66,2.0,,0.0,0.0,
2025-03-27T23:07:43.700Z,10,GR86-022-013,-46.900000000000006,0.101,-0.907,53.74,2.0,,0.0,0.0,
2025-03-27T23:07:43.744Z,10,GR86-022-013,-42.3,0.202,-0.8170000000000001,59.55,2.0,,0.0,0.0,
2025-03-27T23:07:43.788Z,10,GR86-022-013,-37.1,0.174,-0.879,91.98,2.0,5342.0,0.0,0.0,90.35
2025-03-27T23:07:43.832Z,10,GR86-022-013,-28.4,0.274,-0.97,99.86,2.0,,0.0,0.0,
2025-03-27T23:07:43.876Z,10,GR86-022-013,-24.1,0.281,-0.731,99.87,2.0,,0.0,0.0,
2025-03-27T23:07:43.920Z,10,GR86-022-013,-20.3,0.183,-0.854,99.86,2.0,,0.0,0.0,
2025-03-27T23:07:43.965Z,10,GR86-022-013,-18.5,0.484,-0.845,99.87,2.0,,0.0,0.0,
2025-03-27T23:07:44.011Z,10,GR86-022-013,-19.8,0.124,-0.876,99.88,2.0,5766.0,0.0,0.0,91.23
2025-03-27T23:07:44.055Z,10,GR86-022-013,-25.200000000000003,0.131,-0.928,99.91,2.0,,0.0,0.0,
2025-03-27T23:07:44.099Z,10,GR86-022-013,-34.0,0.332,-1.098,99.91,2.0,,0.0,0.0,
2025-03-27T23:07:44.144Z,10,GR86-022-013,-44.1,0.559,-1.046,99.9,2.0,,0.0,0.0,
2025-03-27T23:07:44.188Z,10,GR86-022-013,-48.8,0.528,-1.093,99.87,2.0,,0.0,0.0,
2025-03-27T23:07:44.232Z,10,GR86-022-013,-46.0,0.401,-1.164,99.88,2.0,5957.0,0.0,0.0,92.27
2025-03-27T23:07:44.276Z,10,GR86-022-013,-44.2,0.365,-0.982,99.87,2.0,,0.0,0.0,
2025-03-27T23:07:44.321Z,10,GR86-022-013,-42.900000000000006,0.173,-0.869,99.86,2.0,,0.0,0.0,
2025-03-27T23:07:44.365Z,10,GR86-022-013,-41.8,0.161,-0.985,99.86,2.0,,0.0,0.0,
2025-03-27T23:07:44.410Z,10,GR86-022-013,-41.900000000000006,0.477,-0.885,99.86,2.0,,0.0,0.0,
2025-03-27T23:07:44.455Z,10,GR86-022-013,-42.1,0.403,-0.967,99.89,2.0,5532.0,0.0,0.0,94.23
2025-03-27T23:07:44.499Z,10,GR86-022-013,-42.1,0.32,-0.933,99.87,2.0,,0.0,0.0,
2025-03-27T23:07:44.544Z,10,GR86-022-013,-42.400000000000006,0.13,-0.73,99.87,2.0,,0.0,0.0,
2025-03-27T23:07:44.588Z,10,GR86-022-013,-43.5,0.179,-0.965,99.88,2.0,,0.0,0.0,
2025-03-27T23:07:44.632Z,10,GR86-022-013,-46.7,0.355,-0.923,99.88,2.0,,0.0,0.0,
2025-03-27T23:07:44.676Z,10,GR86-022-013,-48.3,0.36,-0.989,99.88,2.0,5799.0,0.0,0.0,98.15
2025-03-27T23:07:44.720Z,10,GR86-022-013,-48.0,0.341,-0.991,99.86,2.0,,0.0,0.0,
2025-03-27T23:07:44.764Z,10,GR86-022-013,-46.2,0.262,-1.087,99.85,2.0,,0.0,0.0,
2025-03-27T23:07:44.852Z,10,GR86-022-013,-43.7,0.231,-0.984,99.86,2.0,,0.0,0.0,
2025-03-27T23:07:44.896Z,10,GR86-022-013,-40.5,0.324,-1.025,99.88,2.0,5860.0,0.0,0.0,100.09
2025-03-27T23:07:44.940Z,10,GR86-022-013,-41.3,0.324,-0.988,99.86,2.0,,0.0,0.0,
2025-03-27T23:07:44.985Z,10,GR86-022-013,-41.900000000000006,0.291,-1.04,99.86,2.0,,0.0,0.0,
2025-03-27T23:07:45.030Z,10,GR86-022-013,-39.8,0.3,-1.033,99.87,2.0,,0.0,0.0,
2025-03-27T23:07:45.075Z,10,GR86-022-013,-36.0,0.276,-1.031,99.86,2.0,,0.0,0.0,
2025-03-27T23:07:45.121Z,10,GR86-022-013,-32.5,0.313,-0.964,99.86,2.0,5924.0,0.0,0.0,101.77
2025-03-27T23:07:45.165Z,10,GR86-022-013,-32.300000000000004,0.295,-0.951,99.86,2.0,,0.0,0.0,
2025-03-27T23:07:45.211Z,10,GR86-022-013,-35.1,0.282,-0.945,99.87,2.0,,0.0,0.0,
2025-03-27T23:07:45.255Z,10,GR86-022-013,-35.7,0.307,-0.911,99.87,2.0,,0.0,0.0,
2025-03-27T23:07:45.299Z,10,GR86-022-013,-35.2,0.301,-0.95,99.86,2.0,,0.0,0.0,
2025-03-27T23:07:45.344Z,10,GR86-022-013,-34.300000000000004,0.284,-0.869,99.86,2.0,6027.0,0.0,0.0,103.33
2025-03-27T23:07:45.388Z,10,GR86-022-013,-34.1,0.285,-0.846,99.87,2.0,,0.0,0.0,
2025-03-27T23:07:45.432Z,10,GR86-022-013,-33.2,0.296,-0.916,99.86,2.0,,0.0,0.0,
2025-03-27T23:07:45.476Z,10,GR86-022-013,-33.0,0.313,-0.882,99.86,2.0,,0.0,0.0,
2025-03-27T23:07:45.521Z,10,GR86-022-013,-31.6,0.324,-0.909,99.86,2.0,,0.0,0.0,
2025-03-27T23:07:45.565Z,10,GR86-022-013,-28.8,0.293,-0.953,99.85,2.0,6145.0,0.0,0.0,103.94
2025-03-27T23:07:45.610Z,10,GR86-022-013,-23.6,0.316,-0.859,99.86,2.0,,0.0,0.0,
2025-03-27T23:07:45.654Z,10,GR86-022-013,-22.1,0.319,-0.845,99.85,2.0,,0.0,0.0,
2025-03-27T23:07:45.698Z,10,GR86-022-013,-22.0,0.277,-0.8310000000000001,99.86,2.0,,0.0,0.0,
2025-03-27T23:07:45.742Z,10,GR86-022-013,-21.8,0.298,-0.791,99.87,2.0,,0.0,0.0,
2025-03-27T23:07:45.831Z,10,GR86-022-013,-21.8,0.322,-0.751,99.86,2.0,6213.0,0.0,0.0,105.73
2025-03-27T23:07:45.875Z,10,GR86-022-013,-18.6,0.281,-0.658,99.87,2.0,,0.0,0.0,
2025-03-27T23:07:45.920Z,10,GR86-022-013,-16.7,0.295,-0.668,99.86,2.0,,0.0,0.0,
2025-03-27T23:07:45.964Z,10,GR86-022-013,-15.5,0.321,-0.669,99.85,2.0,,0.0,0.0,
2025-03-27T23:07:46.008Z,10,GR86-022-013,-14.9,0.29,-0.602,99.85,2.0,6282.0,0.0,0.0,107.54
2025-03-27T23:07:46.096Z,10,GR86-022-013,-14.8,0.285,-0.643,99.88,2.0,,0.0,0.0,
2025-03-27T23:07:46.140Z,10,GR86-022-013,-14.8,0.301,-0.459,99.88,2.0,,0.0,0.0,
2025-03-27T23:07:46.185Z,10,GR86-022-013,-14.6,0.323,-0.456,99.88,2.0,,0.0,0.0,
2025-03-27T23:07:46.231Z,10,GR86-022-013,-14.3,0.295,-0.49,99.87,2.0,6400.0,0.0,0.0,109.51
2025-03-27T23:07:46.275Z,10,GR86-022-013,-13.9,0.308,-0.511,99.85,2.0,,0.0,0.0,
2025-03-27T23:07:46.321Z,10,GR86-022-013,-13.4,0.342,-0.583,99.87,2.0,,0.0,0.0,
2025-03-27T23:07:46.365Z,10,GR86-022-013,-13.2,0.317,-0.545,99.87,2.0,,0.0,0.0,
2025-03-27T23:07:46.411Z,10,GR86-022-013,-13.1,0.288,-0.502,99.86,2.0,,0.0,0.0,
2025-03-27T23:07:46.455Z,10,GR86-022-013,-13.1,0.284,-0.447,99.87,2.0,6546.0,0.0,0.0,111.31
2025-03-27T23:07:46.499Z,10,GR86-022-013,-12.8,0.272,-0.459,99.87,2.0,,0.0,0.0,
2025-03-27T23:07:46.544Z,10,GR86-022-013,-12.4,0.286,-0.449,99.87,2.0,,0.0,0.0,
2025-03-27T23:07:46.588Z,10,GR86-022-013,-11.8,0.332,-0.472,99.89,2.0,,0.0,0.0,
2025-03-27T23:07:46.632Z,10,GR86-022-013,-11.6,0.339,-0.477,99.88,2.0,,0.0,0.0,
2025-03-27T23:07:46.676Z,10,GR86-022-013,-11.6,0.305,-0.479,99.87,2.0,6709.0,0.0,0.0,115.18
2025-03-27T23:07:46.721Z,10,GR86-022-013,-11.6,0.281,-0.459,99.86,2.0,,0.0,0.0,
2025-03-27T23:07:46.765Z,10,GR86-022-013,-11.6,0.282,-0.442,99.86,2.0,,0.0,0.0,
2025-03-27T23:07:46.810Z,10,GR86-022-013,-11.6,0.305,-0.465,99.86,2.0,,0.0,0.0,
2025-03-27T23:07:46.855Z,10,GR86-022-013,-11.6,0.309,-0.46,99.88,2.0,,0.0,0.0,
2025-03-27T23:07:46.900Z,10,GR86-022-013,-11.6,0.306,-0.471,99.85,2.0,6844.0,0.0,0.0,117.05
2025-03-27T23:07:46.944Z,10,GR86-022-013,-11.5,0.301,-0.48,99.85,2.0,,0.0,0.0,
2025-03-27T23:07:46.988Z,10,GR86-022-013,-11.5,0.299,-0.455,99.87,2.0,,0.0,0.0,
2025-03-27T23:07:47.032Z,10,GR86-022-013,-9.8,0.293,-0.479,99.87,2.0,,0.0,0.0,
2025-03-27T23:07:47.076Z,10,GR86-022-013,-6.9,0.291,-0.481,99.88,2.0,,0.0,0.0,
2025-03-27T23:07:47.120Z,10,GR86-022-013,-3.9,0.319,-0.452,99.86,2.0,6967.0,0.0,0.0,118.97
2025-03-27T23:07:47.164Z,10,GR86-022-013,-2.6,0.327,-0.442,99.86,2.0,,0.0,0.0,
2025-03-27T23:07:47.208Z,10,GR86-022-013,-2.6,0.293,-0.386,99.86,2.0,,0.0,0.0,
2025-03-27T23:07:47.252Z,10,GR86-022-013,-2.7,0.272,-0.342,99.86,2.0,,0.0,0.0,
2025-03-27T23:07:47.296Z,10,GR86-022-013,-3.0,0.271,-0.329,99.86,2.0,,0.0,0.0,
2025-03-27T23:07:47.340Z,10,GR86-022-013,-3.6,0.301,-0.316,99.87,2.0,7042.0,0.0,0.0,120.97
2025-03-27T23:07:47.430Z,10,GR86-022-013,-3.9,0.297,-0.311,99.86,2.0,,0.0,0.0,
2025-03-27T23:07:47.475Z,10,GR86-022-013,-5.300000000000001,0.28,-0.296,99.84,2.0,,0.0,0.0,
2025-03-27T23:07:47.521Z,10,GR86-022-013,-5.800000000000001,0.27,-0.278,99.87,2.0,,0.0,0.0,
2025-03-27T23:07:47.565Z,10,GR86-022-013,-5.800000000000001,0.257,-0.31,99.88,2.0,7144.0,0.0,0.0,122.96
2025-03-27T23:07:47.611Z,10,GR86-022-013,-5.5,0.282,-0.333,99.88,2.0,,0.0,0.0,
2025-03-27T23:07:47.655Z,10,GR86-022-013,-3.8,0.286,-0.332,99.87,2.0,,0.0,0.0,
2025-03-27T23:07:47.744Z,10,GR86-022-013,-1.8,0.188,-0.328,99.86,2.0,,0.0,0.0,
2025-03-27T23:07:47.788Z,10,GR86-022-013,-1.1,0.416,-0.288,99.85,3.0,7282.0,0.0,0.0,124.89
2025-03-27T23:07:47.832Z,10,GR86-022-013,0.0,0.396,-0.389,99.86,3.0,,0.0,0.0,
2025-03-27T23:07:47.876Z,10,GR86-022-013,0.0,0.293,-0.237,99.87,3.0,,0.0,0.0,
2025-03-27T23:07:47.965Z,10,GR86-022-013,0.0,0.18,-0.315,99.86,3.0,,0.0,0.0,
2025-03-27T23:07:48.010Z,10,GR86-022-013,0.0,0.313,-0.19,99.85,3.0,5987.0,0.0,0.0,126.61
2025-03-27T23:07:48.098Z,10,GR86-022-013,0.0,0.225,-0.146,99.86,3.0,,0.0,0.0,
2025-03-27T23:07:48.142Z,10,GR86-022-013,0.0,0.197,-0.171,99.86,3.0,,0.0,0.0,
2025-03-27T23:07:48.186Z,10,GR86-022-013,0.0,0.245,-0.182,99.87,3.0,,0.0,0.0,
2025-03-27T23:07:48.231Z,10,GR86-022-013,0.0,0.267,-0.171,99.88,3.0,6052.0,3.875,4.21,128.74
2025-03-27T23:07:48.275Z,10,GR86-022-013,0.0,0.227,-0.185,99.88,3.0,,3.005,3.435,
2025-03-27T23:07:48.320Z,10,GR86-022-013,-1.1,0.231,-0.186,99.86,3.0,,0.0,0.0,
2025-03-27T23:07:48.364Z,10,GR86-022-013,-2.6,0.211,-0.198,99.86,3.0,,0.0,0.0,
2025-03-27T23:07:48.408Z,10,GR86-022-013,-4.5,0.243,-0.216,99.86,3.0,,0.0,0.0,
2025-03-27T23:07:48.452Z,10,GR86-022-013,-6.0,0.248,-0.276,99.86,3.0,6144.0,0.0,0.0,130.48
2025-03-27T23:07:48.496Z,10,GR86-022-013,-6.0,0.23,-0.277,99.87,3.0,,0.0,0.0,
2025-03-27T23:07:48.540Z,10,GR86-022-013,-5.1000000000000005,0.23,-0.306,99.87,3.0,,0.0,0.0,
2025-03-27T23:07:48.585Z,10,GR86-022-013,-3.7,0.228,-0.328,99.86,3.0,,0.0,0.0,
2025-03-27T23:07:48.630Z,10,GR86-022-013,-2.2,0.236,-0.317,99.87,3.0,,0.0,0.0,
2025-03-27T23:07:48.675Z,10,GR86-022-013,-1.9,0.232,-0.327,99.87,3.0,6298.0,0.0,0.0,134.09
2025-03-27T23:07:48.721Z,10,GR86-022-013,-1.8,0.24,-0.31,99.88,3.0,,0.0,0.0,
2025-03-27T23:07:48.765Z,10,GR86-022-013,-1.9,0.23,-0.292,99.87,3.0,,0.0,0.0,
2025-03-27T23:07:48.811Z,10,GR86-022-013,-2.8000000000000003,0.24,-0.29,99.86,3.0,,0.0,0.0,
2025-03-27T23:07:48.855Z,10,GR86-022-013,-3.5,0.224,-0.273,99.88,3.0,,0.0,0.0,
2025-03-27T23:07:48.900Z,10,GR86-022-013,-3.6,0.229,-0.273,99.86,3.0,6385.0,0.0,0.0,135.87
2025-03-27T23:07:48.944Z,10,GR86-022-013,-3.6,0.247,-0.293,99.87,3.0,,0.0,0.0,
2025-03-27T23:07:48.988Z,10,GR86-022-013,-3.6,0.246,-0.309,99.86,3.0,,0.0,0.0,
2025-03-27T23:07:49.032Z,10,GR86-022-013,-3.3000000000000003,0.246,-0.321,99.87,3.0,,0.0,0.0,
2025-03-27T23:07:49.076Z,10,GR86-022-013,-1.8,0.231,-0.293,99.86,3.0,,0.0,0.0,
2025-03-27T23:07:49.121Z,10,GR86-022-013,0.3,0.2,-0.263,99.87,3.0,6464.0,0.0,0.0,137.67000000000002
2025-03-27T23:07:49.165Z,10,GR86-022-013,2.4000000000000004,0.244,-0.246,99.87,3.0,,0.0,0.0,
2025-03-27T23:07:49.210Z,10,GR86-022-013,4.4,0.225,-0.222,99.86,3.0,,0.0,0.0,
2025-03-27T23:07:49.254Z,10,GR86-022-013,5.800000000000001,0.239,-0.187,99.87,3.0,,0.0,0.0,
2025-03-27T23:07:49.298Z,10,GR86-022-013,7.800000000000001,0.258,-0.153,99.87,3.0,,0.0,0.0,
2025-03-27T23:07:49.342Z,10,GR86-022-013,9.5,0.249,-0.1,99.88,3.0,6552.0,0.0,0.0,139.39
2025-03-27T23:07:49.386Z,10,GR86-022-013,11.9,0.204,-0.055,99.87,3.0,,0.0,0.0,
2025-03-27T23:07:49.431Z,10,GR86-022-013,15.2,0.229,0.031,99.89,3.0,,0.0,0.0,
2025-03-27T23:07:49.475Z,10,GR86-022-013,17.2,0.193,0.076,99.87,3.0,,0.0,0.0,
2025-03-27T23:07:49.520Z,10,GR86-022-013,20.8,0.222,0.14,99.88,3.0,,0.0,0.0,
2025-03-27T23:07:49.564Z,10,GR86-022-013,25.200000000000003,0.231,0.19,99.88,3.0,6626.0,0.0,0.0,141.24
2025-03-27T23:07:49.608Z,10,GR86-022-013,28.3,0.215,0.313,99.88,3.0,,0.0,0.0,
2025-03-27T23:07:49.652Z,10,GR86-022-013,27.8,0.259,0.4,99.85,3.0,,0.0,0.0,
2025-03-27T23:07:49.696Z,10,GR86-022-013,27.5,0.224,0.493,66.25,3.0,,5.675,5.8,
2025-03-27T23:07:49.740Z,10,GR86-022-013,26.200000000000003,0.099,0.561,27.46,3.0,,9.43,9.66,
2025-03-27T23:07:49.785Z,10,GR86-022-013,24.9,0.001,0.5760000000000001,4.66,3.0,6754.0,12.055,12.33,142.79
2025-03-27T23:07:49.830Z,10,GR86-022-013,27.0,-0.208,0.625,4.92,3.0,,15.185,15.685,
2025-03-27T23:07:49.875Z,10,GR86-022-013,29.9,-0.391,0.67,4.57,3.0,,16.375,16.830000000000002,
2025-03-27T23:07:49.921Z,10,GR86-022-013,30.700000000000003,-0.35,0.683,4.01,3.0,,16.22,16.62,
2025-03-27T23:07:49.965Z,10,GR86-022-013,29.4,-0.527,0.622,3.62,3.0,,15.93,16.28,
2025-03-27T23:07:50.011Z,10,GR86-022-013,30.5,-0.344,0.722,3.21,3.0,6579.0,16.375,16.97,143.5
2025-03-27T23:07:50.055Z,10,GR86-022-013,35.1,-0.505,0.872,3.0700000000000003,3.0,,16.22,16.465,
2025-03-27T23:07:50.099Z,10,GR86-022-013,40.1,-0.614,0.94,2.96,3.0,,15.99,16.055,
2025-03-27T23:07:50.188Z,10,GR86-022-013,40.5,-0.507,1.072,2.86,3.0,,14.42,14.605,
2025-03-27T23:07:50.232Z,10,GR86-022-013,35.6,-0.205,1.209,2.67,3.0,6219.0,4.565,4.93,143.06
2025-03-27T23:07:50.276Z,10,GR86-022-013,42.3,-0.366,1.266,2.62,3.0,,4.625,4.805,
2025-03-27T23:07:50.321Z,10,GR86-022-013,44.900000000000006,-0.337,1.303,2.57,3.0,,4.6850000000000005,4.835,
2025-03-27T23:07:50.365Z,10,GR86-022-013,45.7,-0.319,1.415,2.54,3.0,,4.6850000000000005,4.835,
2025-03-27T23:07:50.500Z,10,GR86-022-013,47.6,-0.32,1.481,2.52,3.0,6180.0,3.815,4.18,141.4
2025-03-27T23:07:50.544Z,10,GR86-022-013,48.8,-0.231,1.386,2.49,3.0,,0.0,0.0,
2025-03-27T23:07:50.588Z,10,GR86-022-013,50.8,-0.16,1.268,2.49,3.0,,0.0,0.0,
2025-03-27T23:07:50.676Z,10,GR86-022-013,57.900000000000006,-0.176,1.33,2.49,3.0,6196.0,0.0,0.0,136.81
2025-03-27T23:07:50.720Z,10,GR86-022-013,67.2,-0.207,1.258,2.49,3.0,,0.0,0.0,
2025-03-27T23:07:50.764Z,10,GR86-022-013,70.5,-0.193,1.322,2.49,3.0,,0.0,0.0,
2025-03-27T23:07:50.808Z,10,GR86-022-013,71.3,-0.18,1.286,2.49,3.0,,0.0,0.0,
2025-03-27T23:07:50.852Z,10,GR86-022-013,72.9,-0.182,1.378,2.5,3.0,,0.0,0.0,
2025-03-27T23:07:50.896Z,10,GR86-022-013,76.60000000000001,-0.211,1.365,2.49,3.0,6148.0,0.0,0.0,135.28
2025-03-27T23:07:50.940Z,10,GR86-022-013,80.2,-0.214,1.482,2.49,3.0,,0.0,0.0,
2025-03-27T23:07:50.984Z,10,GR86-022-013,81.60000000000001,-0.221,1.601,2.49,3.0,,0.0,0.0,
2025-03-27T23:07:51.028Z,10,GR86-022-013,83.0,-0.208,1.582,2.49,3.0,,0.0,0.0,
2025-03-27T23:07:51.072Z,10,GR86-022-013,83.9,-0.217,1.673,2.49,3.0,,0.0,0.0,
2025-03-27T23:07:51.116Z,10,GR86-022-013,80.80000000000001,-0.223,1.678,2.49,3.0,6057.0,0.0,0.0,134.25
2025-03-27T23:07:51.160Z,10,GR86-022-013,75.8,-0.233,1.767,2.49,3.0,,0.0,0.0,
2025-03-27T23:07:51.204Z,10,GR86-022-013,72.60000000000001,-0.215,1.853,2.5,3.0,,0.0,0.0,
2025-03-27T23:07:51.248Z,10,GR86-022-013,72.3,-0.191,1.816,3.06,3.0,,0.0,0.0,
2025-03-27T23:07:51.292Z,10,GR86-022-013,68.9,-0.191,1.842,4.28,3.0,,0.0,0.0,
2025-03-27T23:07:51.336Z,10,GR86-022-013,67.3,-0.225,1.887,12.94,3.0,5959.0,0.0,0.0,132.99
2025-03-27T23:07:51.382Z,10,GR86-022-013,71.10000000000001,-0.213,1.822,13.48,3.0,,0.0,0.0,
2025-03-27T23:07:51.426Z,10,GR86-022-013,73.60000000000001,-0.191,1.893,17.55,3.0,,0.0,0.0,
2025-03-27T23:07:51.515Z,10,GR86-022-013,78.4,-0.158,1.863,19.18,3.0,,0.0,0.0,
2025-03-27T23:07:51.560Z,10,GR86-022-013,86.9,-0.154,1.733,20.77,3.0,5912.0,0.0,0.0,130.82
2025-03-27T23:07:51.605Z,10,GR86-022-013,100.3,-0.146,1.684,21.55,3.0,,0.0,0.0,
2025-03-27T23:07:51.650Z,10,GR86-022-013,103.0,0.067,1.415,22.01,3.0,,0.0,0.0,
2025-03-27T23:07:51.694Z,10,GR86-022-013,93.8,0.017,1.544,23.42,3.0,,0.0,0.0,
2025-03-27T23:07:51.738Z,10,GR86-022-013,86.60000000000001,-0.022,1.288,25.96,3.0,,0.0,0.0,
2025-03-27T23:07:51.782Z,10,GR86-022-013,72.7,-0.096,1.589,29.74,3.0,5986.0,0.0,0.0,128.18
2025-03-27T23:07:51.826Z,10,GR86-022-013,62.3,-0.003,1.459,31.64,3.0,,0.0,0.0,
2025-03-27T23:07:51.871Z,10,GR86-022-013,49.1,0.119,1.392,32.26,3.0,,0.0,0.0,
2025-03-27T23:07:51.915Z,10,GR86-022-013,44.8,0.21,1.302,35.58,3.0,,0.0,0.0,
2025-03-27T23:07:51.961Z,10,GR86-022-013,45.7,0.096,1.267,36.31,3.0,,0.0,0.0,
2025-03-27T23:07:52.005Z,10,GR86-022-013,50.0,0.103,1.376,39.47,3.0,5948.0,0.0,0.0,126.16
2025-03-27T23:07:52.050Z,10,GR86-022-013,50.400000000000006,0.176,1.441,39.62,3.0,,0.0,0.0,
2025-03-27T23:07:52.095Z,10,GR86-022-013,42.8,0.18,1.43,40.92,3.0,,0.0,0.0,
2025-03-27T23:07:52.140Z,10,GR86-022-013,33.9,0.154,1.405,41.17,3.0,,0.0,0.0,
2025-03-27T23:07:52.184Z,10,GR86-022-013,31.8,0.185,1.406,43.26,3.0,,0.0,0.0,
2025-03-27T23:07:52.228Z,10,GR86-022-013,38.5,0.256,1.067,43.61,3.0,5898.0,0.0,0.0,125.73
2025-03-27T23:07:52.272Z,10,GR86-022-013,51.1,0.183,1.016,43.97,3.0,,0.0,0.0,
2025-03-27T23:07:52.316Z,10,GR86-022-013,55.7,0.171,0.935,44.22,3.0,,0.0,0.0,
2025-03-27T23:07:52.360Z,10,GR86-022-013,56.8,0.141,0.935,43.12,3.0,,0.0,0.0,
2025-03-27T23:07:52.404Z,10,GR86-022-013,53.6,0.182,0.978,43.03,3.0,,0.0,0.0,
2025-03-27T23:07:52.448Z,10,GR86-022-013,44.8,0.192,0.946,42.51,3.0,5783.0,0.0,0.0,124.32
2025-03-27T23:07:52.492Z,10,GR86-022-013,26.200000000000003,0.192,0.868,41.85,3.0,,0.0,0.0,
2025-03-27T23:07:52.536Z,10,GR86-022-013,12.4,0.156,0.808,41.54,3.0,,0.0,0.0,
2025-03-27T23:07:52.582Z,10,GR86-022-013,1.0,0.185,0.656,41.01,3.0,,0.0,0.0,
2025-03-27T23:07:52.626Z,10,GR86-022-013,-9.0,0.211,0.537,39.56,3.0,,0.0,0.0,
2025-03-27T23:07:52.715Z,10,GR86-022-013,-23.8,0.211,0.282,34.25,3.0,5808.0,0.0,0.0,124.14
2025-03-27T23:07:52.760Z,10,GR86-022-013,-37.3,0.155,-0.224,30.76,3.0,,0.0,0.0,
2025-03-27T23:07:52.805Z,10,GR86-022-013,-36.5,0.153,-0.46,30.5,3.0,,0.0,0.0,
2025-03-27T23:07:52.895Z,10,GR86-022-013,-40.0,0.119,-0.806,29.19,3.0,5796.0,0.0,0.0,124.21
2025-03-27T23:07:52.940Z,10,GR86-022-013,-44.2,0.106,-0.951,26.52,3.0,,0.0,0.0,
2025-03-27T23:07:52.984Z,10,GR86-022-013,-44.2,0.123,-1.047,25.31,3.0,,0.0,0.0,
2025-03-27T23:07:53.028Z,10,GR86-022-013,-39.900000000000006,0.112,-1.08,26.09,3.0,,0.0,0.0,
2025-03-27T23:07:53.072Z,10,GR86-022-013,-27.8,0.11,-1.084,27.1,3.0,,0.0,0.0,
2025-03-27T23:07:53.116Z,10,GR86-022-013,-21.700000000000003,0.084,-1.024,28.5,3.0,5803.0,0.0,0.0,124.39
2025-03-27T23:07:53.161Z,10,GR86-022-013,-15.8,0.108,-1.058,28.96,3.0,,0.0,0.0,
2025-03-27T23:07:53.205Z,10,GR86-022-013,-10.2,0.147,-0.993,29.13,3.0,,0.0,0.0,
2025-03-27T23:07:53.251Z,10,GR86-022-013,-13.3,0.184,-0.94,28.25,3.0,,0.0,0.0,
2025-03-27T23:07:53.295Z,10,GR86-022-013,-23.1,0.158,-0.921,27.4,3.0,,0.0,0.0,
2025-03-27T23:07:53.340Z,10,GR86-022-013,-35.800000000000004,0.124,-0.921,26.58,3.0,5823.0,0.0,0.0,124.33
2025-03-27T23:07:53.385Z,10,GR86-022-013,-42.7,0.127,-0.942,25.73,3.0,,0.0,0.0,
2025-03-27T23:07:53.431Z,10,GR86-022-013,-35.7,0.096,-0.937,25.47,3.0,,0.0,0.0,
2025-03-27T23:07:53.475Z,10,GR86-022-013,-29.0,0.117,-0.897,24.86,3.0,,0.0,0.0,
2025-03-27T23:07:53.521Z,10,GR86-022-013,-25.5,0.093,-0.859,24.32,3.0,,0.0,0.0,
2025-03-27T23:07:53.565Z,10,GR86-022-013,-26.1,0.101,-0.8300000000000001,23.86,3.0,5766.0,0.0,0.0,123.77
2025-03-27T23:07:53.611Z,10,GR86-022-013,-31.0,0.09,-0.842,22.85,3.0,,0.0,0.0,
2025-03-27T23:07:53.655Z,10,GR86-022-013,-36.0,0.102,-0.8230000000000001,22.57,3.0,,0.0,0.0,
2025-03-27T23:07:53.699Z,10,GR86-022-013,-39.900000000000006,0.063,-0.87,22.13,3.0,,0.0,0.0,
2025-03-27T23:07:53.744Z,10,GR86-022-013,-45.900000000000006,0.049,-0.853,21.93,3.0,,0.0,0.0,
2025-03-27T23:07:53.788Z,10,GR86-022-013,-50.8,0.057,-1.002,21.39,3.0,5754.0,0.0,0.0,123.58
2025-03-27T23:07:53.832Z,10,GR86-022-013,-51.1,0.059,-1.097,21.21,3.0,,0.0,0.0,
2025-03-27T23:07:53.876Z,10,GR86-022-013,-47.8,0.023,-1.202,21.21,3.0,,0.0,0.0,
2025-03-27T23:07:53.921Z,10,GR86-022-013,-43.6,-0.001,-1.126,21.45,3.0,,0.0,0.0,
2025-03-27T23:07:53.965Z,10,GR86-022-013,-39.2,0.04,-1.063,21.77,3.0,,0.0,0.0,
2025-03-27T23:07:54.010Z,10,GR86-022-013,-30.700000000000003,0.102,-0.704,22.16,3.0,5751.0,0.0,0.0,123.24
2025-03-27T23:07:54.054Z,10,GR86-022-013,-23.9,0.015,-0.986,22.46,3.0,,0.0,0.0,
2025-03-27T23:07:54.098Z,10,GR86-022-013,-19.0,0.004,-0.625,22.79,3.0,,0.0,0.0,
2025-03-27T23:07:54.142Z,10,GR86-022-013,-18.4,0.059,-1.016,23.06,3.0,,0.0,0.0,
2025-03-27T23:07:54.186Z,10,GR86-022-013,-21.700000000000003,0.113,-1.039,22.89,3.0,,0.0,0.0,
2025-03-27T23:07:54.231Z,10,GR86-022-013,-30.200000000000003,0.063,-0.956,22.97,3.0,5727.0,0.0,0.0,123.47
2025-03-27T23:07:54.275Z,10,GR86-022-013,-37.1,0.066,-1.028,23.03,3.0,,0.0,0.0,
2025-03-27T23:07:54.320Z,10,GR86-022-013,-42.8,0.126,-0.928,22.89,3.0,,0.0,0.0,
2025-03-27T23:07:54.364Z,10,GR86-022-013,-48.6,-0.012,-1.086,22.94,3.0,,0.0,0.0,
2025-03-27T23:07:54.408Z,10,GR86-022-013,-54.6,-0.06,-1.048,23.39,3.0,,0.0,0.0,
2025-03-27T23:07:54.452Z,10,GR86-022-013,-59.2,0.104,-1.212,23.4,3.0,5746.0,0.0,0.0,122.57
2025-03-27T23:07:54.496Z,10,GR86-022-013,-59.900000000000006,0.115,-0.952,23.52,3.0,,0.0,0.0,
2025-03-27T23:07:54.540Z,10,GR86-022-013,-60.0,0.035,-0.956,25.42,3.0,,0.0,0.0,
2025-03-27T23:07:54.584Z,10,GR86-022-013,-59.6,-0.016,-1.04,27.01,3.0,,0.0,0.0,
2025-03-27T23:07:54.628Z,10,GR86-022-013,-57.900000000000006,0.072,-1.066,28.56,3.0,,0.0,0.0,
2025-03-27T23:07:54.672Z,10,GR86-022-013,-53.8,0.102,-0.973,30.66,3.0,5722.0,0.0,0.0,120.59
2025-03-27T23:07:54.716Z,10,GR86-022-013,-46.3,0.077,-0.959,32.78,3.0,,0.0,0.0,
2025-03-27T23:07:54.760Z,10,GR86-022-013,-36.3,0.016,-0.805,34.44,3.0,,0.0,0.0,
2025-03-27T23:07:54.804Z,10,GR86-022-013,-26.1,0.043,-1.017,37.45,3.0,,0.0,0.0,
2025-03-27T23:07:54.848Z,10,GR86-022-013,-18.5,0.121,-1.08,39.66,3.0,,0.0,0.0,
2025-03-27T23:07:54.892Z,10,GR86-022-013,-15.3,0.17,-1.09,59.42,3.0,5914.0,0.0,0.0,121.1
2025-03-27T23:07:54.936Z,10,GR86-022-013,-11.9,0.227,-1.181,76.89,3.0,,0.0,0.0,
2025-03-27T23:07:54.982Z,10,GR86-022-013,-4.0,0.173,-0.926,99.05,3.0,,0.0,0.0,
2025-03-27T23:07:55.026Z,10,GR86-022-013,6.1000000000000005,0.189,-1.071,99.82,3.0,,0.0,0.0,
2025-03-27T23:07:55.071Z,10,GR86-022-013,10.9,0.335,-0.8140000000000001,99.85,3.0,,0.0,0.0,
2025-03-27T23:07:55.115Z,10,GR86-022-013,9.8,0.269,-0.986,99.85,3.0,6106.0,0.0,0.0,122.02
2025-03-27T23:07:55.160Z,10,GR86-022-013,6.2,0.296,-0.8180000000000001,99.85,3.0,,0.0,0.0,
2025-03-27T23:07:55.205Z,10,GR86-022-013,-1.0,0.258,-0.917,99.84,3.0,,0.0,0.0,
2025-03-27T23:07:55.251Z,10,GR86-022-013,-13.6,0.269,-0.907,99.86,3.0,,0.0,0.0,
2025-03-27T23:07:55.295Z,10,GR86-022-013,-21.200000000000003,0.19,-0.906,99.85,3.0,,0.0,0.0,
2025-03-27T23:07:55.340Z,10,GR86-022-013,-26.9,0.206,-0.926,99.85,3.0,5967.0,0.0,0.0,121.75
2025-03-27T23:07:55.384Z,10,GR86-022-013,-29.0,0.229,-0.855,99.85,3.0,,0.0,0.0,
2025-03-27T23:07:55.428Z,10,GR86-022-013,-29.1,0.161,-0.8290000000000001,99.86,3.0,,0.0,0.0,
2025-03-27T23:07:55.472Z,10,GR86-022-013,-29.1,0.223,-0.81,99.86,3.0,,0.0,0.0,
2025-03-27T23:07:55.516Z,10,GR86-022-013,-29.9,0.275,-0.846,99.85,3.0,,0.0,0.0,
2025-03-27T23:07:55.561Z,10,GR86-022-013,-30.9,0.26,-0.806,99.85,3.0,6158.0,0.0,0.0,122.37
2025-03-27T23:07:55.605Z,10,GR86-022-013,-31.5,0.243,-0.845,99.86,3.0,,0.0,0.0,
2025-03-27T23:07:55.650Z,10,GR86-022-013,-31.3,0.241,-0.8210000000000001,99.86,3.0,,0.0,0.0,
2025-03-27T23:07:55.694Z,10,GR86-022-013,-27.1,0.259,-0.8220000000000001,99.83,3.0,,0.0,0.0,
2025-03-27T23:07:55.738Z,10,GR86-022-013,-17.900000000000002,0.216,-0.759,99.84,3.0,,0.0,0.0,
2025-03-27T23:07:55.782Z,10,GR86-022-013,-6.9,0.129,-0.676,99.86,3.0,6151.0,0.0,0.0,123.37
2025-03-27T23:07:55.826Z,10,GR86-022-013,2.0,0.165,-0.657,99.85,3.0,,0.0,0.0,
2025-03-27T23:07:55.871Z,10,GR86-022-013,3.5,0.164,-0.606,99.85,3.0,,0.0,0.0,
2025-03-27T23:07:55.915Z,10,GR86-022-013,-1.6,0.183,-0.677,99.87,3.0,,0.0,0.0,
2025-03-27T23:07:55.960Z,10,GR86-022-013,-7.300000000000001,0.182,-0.706,99.87,3.0,,0.0,0.0,
2025-03-27T23:07:56.004Z,10,GR86-022-013,-10.5,0.183,-0.8190000000000001,99.86,3.0,6340.0,0.0,0.0,126.02
2025-03-27T23:07:56.048Z,10,GR86-022-013,-9.9,0.218,-0.875,99.86,3.0,,0.0,0.0,
2025-03-27T23:07:56.092Z,10,GR86-022-013,-12.9,0.279,-0.9,99.87,3.0,,0.0,0.0,
2025-03-27T23:07:56.136Z,10,GR86-022-013,-22.6,0.387,-0.598,99.87,3.0,,0.0,0.0,
2025-03-27T23:07:56.182Z,10,GR86-022-013,-33.2,0.284,-0.425,99.86,3.0,,0.0,0.0,
2025-03-27T23:07:56.226Z,10,GR86-022-013,-37.2,0.147,-0.421,99.85,3.0,6637.0,0.0,0.0,126.62
2025-03-27T23:07:56.271Z,10,GR86-022-013,-31.1,0.167,-0.508,99.86,3.0,,0.0,0.0,
2025-03-27T23:07:56.315Z,10,GR86-022-013,-23.200000000000003,0.326,-0.653,99.86,3.0,,0.0,0.0,
2025-03-27T23:07:56.360Z,10,GR86-022-013,-16.0,0.284,-0.627,93.34,3.0,,0.0,0.0,
2025-03-27T23:07:56.404Z,10,GR86-022-013,-9.3,0.334,-0.6890000000000001,54.68,3.0,,0.0,0.0,
2025-03-27T23:07:56.448Z,10,GR86-022-013,-7.2,0.266,-0.713,39.68,3.0,6508.0,0.0,0.0,127.75
2025-03-27T23:07:56.492Z,10,GR86-022-013,-14.9,0.215,-0.32,36.26,3.0,,0.0,0.0,
2025-03-27T23:07:56.536Z,10,GR86-022-013,-19.9,0.207,-0.5700000000000001,34.480000000000004,3.0,,0.0,0.0,
2025-03-27T23:07:56.582Z,10,GR86-022-013,-16.7,0.11,-0.87,34.03,3.0,,0.0,0.0,
2025-03-27T23:07:56.626Z,10,GR86-022-013,-9.0,0.06,-0.742,34.18,3.0,,0.0,0.0,
2025-03-27T23:07:56.671Z,10,GR86-022-013,-5.5,0.161,-0.873,33.43,3.0,6425.0,0.0,0.0,132.91
2025-03-27T23:07:56.715Z,10,GR86-022-013,-9.5,0.213,-0.5690000000000001,32.34,3.0,,0.0,0.0,
2025-03-27T23:07:56.761Z,10,GR86-022-013,-13.6,0.035,-0.437,31.98,3.0,,0.0,0.0,
2025-03-27T23:07:56.805Z,10,GR86-022-013,-14.9,0.08,-0.597,31.19,3.0,,0.0,0.0,
2025-03-27T23:07:56.850Z,10,GR86-022-013,-10.6,0.169,-0.657,33.81,3.0,,0.0,0.0,
2025-03-27T23:07:56.894Z,10,GR86-022-013,-3.3000000000000003,0.077,-0.609,49.52,3.0,6530.0,0.0,0.0,134.16
2025-03-27T23:07:56.938Z,10,GR86-022-013,13.7,0.042,-0.675,92.45,3.0,,0.0,0.0,
2025-03-27T23:07:56.982Z,10,GR86-022-013,37.8,0.185,-0.775,99.8,3.0,,0.0,0.0,
2025-03-27T23:07:57.026Z,10,GR86-022-013,57.2,0.238,-0.5700000000000001,99.83,3.0,,0.0,0.0,
2025-03-27T23:07:57.071Z,10,GR86-022-013,58.8,0.269,-0.606,99.84,3.0,,0.0,0.0,
2025-03-27T23:07:57.115Z,10,GR86-022-013,49.0,0.341,-0.509,99.84,3.0,6682.0,0.0,0.0,136.07
2025-03-27T23:07:57.159Z,10,GR86-022-013,46.5,0.277,-0.47,99.85,3.0,,0.0,0.0,
2025-03-27T23:07:57.204Z,10,GR86-022-013,47.6,0.27,-0.391,99.85,3.0,,0.0,0.0,
2025-03-27T23:07:57.248Z,10,GR86-022-013,43.7,0.217,-0.026,99.86,3.0,,0.0,0.0,
2025-03-27T23:07:57.292Z,10,GR86-022-013,14.7,0.117,0.412,99.86,3.0,,0.0,0.0,
2025-03-27T23:07:57.336Z,10,GR86-022-013,-11.8,0.057,0.505,99.85,3.0,6521.0,0.0,0.0,138.47
2025-03-27T23:07:57.382Z,10,GR86-022-013,-26.9,0.059,0.511,99.86,3.0,,6.24,6.6850000000000005,
2025-03-27T23:07:57.426Z,10,GR86-022-013,-25.1,0.24,0.524,99.86,3.0,,7.86,8.395,
2025-03-27T23:07:57.471Z,10,GR86-022-013,-1.3,0.245,0.6990000000000001,99.88,3.0,,12.775,13.08,
2025-03-27T23:07:57.515Z,10,GR86-022-013,16.900000000000002,-0.049,0.879,99.89,3.0,,18.435,18.615,
2025-03-27T23:07:57.560Z,10,GR86-022-013,28.9,-0.032,0.56,77.94,3.0,6931.0,23.3,23.24,140.6
2025-03-27T23:07:57.605Z,10,GR86-022-013,30.3,-0.292,0.67,12.78,3.0,,28.4,28.305,
2025-03-27T23:07:57.651Z,10,GR86-022-013,22.8,-0.246,0.529,4.66,3.0,,31.33,31.42,
2025-03-27T23:07:57.695Z,10,GR86-022-013,19.200000000000003,-0.653,0.304,4.4,3.0,,31.36,31.8,
2025-03-27T23:07:57.784Z,10,GR86-022-013,12.5,-1.01,0.061,3.61,3.0,6591.0,31.235,31.65,140.67000000000002
2025-03-27T23:07:57.828Z,10,GR86-022-013,8.3,-0.918,0.11,3.34,3.0,,38.105,37.92,
2025-03-27T23:07:57.872Z,10,GR86-022-013,11.7,-1.102,0.09,3.1,3.0,,51.120000000000005,50.585,
2025-03-27T23:07:57.916Z,10,GR86-022-013,14.9,-1.166,0.172,2.99,3.0,,59.025,58.34,
2025-03-27T23:07:57.961Z,10,GR86-022-013,13.9,-1.243,0.264,2.93,3.0,,65.985,65.3,
2025-03-27T23:07:58.005Z,10,GR86-022-013,6.9,-1.375,0.265,2.89,3.0,6337.0,68.305,68.245,138.25
2025-03-27T23:07:58.050Z,10,GR86-022-013,-9.4,-1.22,0.162,47.36,2.0,,61.515,63.115,
2025-03-27T23:07:58.095Z,10,GR86-022-013,-23.1,-1.421,0.023,31.33,2.0,,59.895,60.95,
2025-03-27T23:07:58.140Z,10,GR86-022-013,-28.9,-1.277,-0.166,4.8500000000000005,2.0,,59.620000000000005,61.33,
2025-03-27T23:07:58.185Z,10,GR86-022-013,-21.8,-1.338,-0.212,4.0,2.0,,62.0,63.435,
2025-03-27T23:07:58.230Z,10,GR86-022-013,-2.5,-1.5,-0.123,3.5,2.0,5685.0,60.95,61.485,131.56
2025-03-27T23:07:58.274Z,10,GR86-022-013,1.9,-1.042,-0.012,3.31,2.0,,57.99,59.36,
2025-03-27T23:07:58.318Z,10,GR86-022-013,2.0,-0.966,-0.312,3.18,2.0,,48.025,48.71,
2025-03-27T23:07:58.362Z,10,GR86-022-013,-0.4,-1.107,-0.18,3.0700000000000003,2.0,,37.675,38.5,
2025-03-27T23:07:58.406Z,10,GR86-022-013,-4.800000000000001,-0.983,-0.117,2.96,2.0,,37.295,38.105,
2025-03-27T23:07:58.450Z,10,GR86-022-013,-14.3,-0.984,-0.578,2.83,2.0,6124.0,39.495,39.965,122.57
2025-03-27T23:07:58.495Z,10,GR86-022-013,-23.0,-0.952,-0.433,2.74,2.0,,42.18,42.955,
2025-03-27T23:07:58.540Z,10,GR86-022-013,-33.9,-0.956,-0.579,2.68,2.0,,48.895,49.825,
2025-03-27T23:07:58.584Z,10,GR86-022-013,-42.8,-1.021,-0.743,2.63,2.0,,57.925,58.155,
2025-03-27T23:07:58.628Z,10,GR86-022-013,-46.6,-1.152,-0.644,2.62,2.0,,66.105,65.895,
2025-03-27T23:07:58.672Z,10,GR86-022-013,-47.1,-1.075,-0.785,2.57,2.0,5826.0,70.06,71.05,109.09
2025-03-27T23:07:58.716Z,10,GR86-022-013,-49.0,-1.042,-0.605,2.5500000000000003,2.0,,70.515,70.93,
2025-03-27T23:07:58.760Z,10,GR86-022-013,-52.6,-1.035,-0.62,2.56,2.0,,68.275,68.715,
2025-03-27T23:07:58.805Z,10,GR86-022-013,-54.1,-0.8240000000000001,-1.028,2.54,2.0,,59.455,60.645,
2025-03-27T23:07:58.850Z,10,GR86-022-013,-55.0,-0.874,-0.773,2.5500000000000003,2.0,,41.965,43.08,
2025-03-27T23:07:58.895Z,10,GR86-022-013,-57.2,-0.721,-1.01,2.5500000000000003,2.0,5343.0,37.325,38.045,101.0
2025-03-27T23:07:58.984Z,10,GR86-022-013,-55.0,-0.866,-0.937,2.52,2.0,,34.15,34.395,
2025-03-27T23:07:59.028Z,10,GR86-022-013,-45.1,-0.6880000000000001,-0.959,2.54,2.0,,30.075,30.675,
2025-03-27T23:07:59.072Z,10,GR86-022-013,-22.5,-0.589,-1.007,2.53,2.0,,21.625,22.34,
2025-03-27T23:07:59.116Z,10,GR86-022-013,-11.7,-0.402,-0.905,2.52,2.0,5251.0,14.51,15.215,97.03
2025-03-27T23:07:59.161Z,10,GR86-022-013,-12.9,-0.434,-0.879,2.52,2.0,,10.985,11.58,
2025-03-27T23:07:59.205Z,10,GR86-022-013,-24.200000000000003,-0.419,-0.911,2.52,2.0,,10.745,11.43,
2025-03-27T23:07:59.251Z,10,GR86-022-013,-38.0,-0.409,-1.073,2.52,2.0,,10.835,11.215,
2025-03-27T23:07:59.295Z,10,GR86-022-013,-35.0,-0.37,-1.086,2.5,2.0,,9.46,9.995,
2025-03-27T23:07:59.340Z,10,GR86-022-013,-33.300000000000004,-0.349,-1.028,2.51,2.0,5107.0,9.34,9.78,94.61
2025-03-27T23:07:59.384Z,10,GR86-022-013,-40.6,-0.391,-1.048,2.52,2.0,,10.65,11.155,
2025-03-27T23:07:59.428Z,10,GR86-022-013,-49.6,-0.431,-1.072,2.51,2.0,,11.705,12.115,
2025-03-27T23:07:59.472Z,10,GR86-022-013,-54.7,-0.442,-1.074,2.5,2.0,,15.03,15.395,
2025-03-27T23:07:59.516Z,10,GR86-022-013,-54.7,-0.416,-0.987,2.51,2.0,,16.8,17.395,
2025-03-27T23:07:59.560Z,10,GR86-022-013,-54.7,-0.516,-1.021,2.49,2.0,4943.0,19.12,19.365,91.68
2025-03-27T23:07:59.604Z,10,GR86-022-013,-53.8,-0.512,-1.126,2.51,2.0,,19.96,20.385,
2025-03-27T23:07:59.648Z,10,GR86-022-013,-50.5,-0.499,-1.061,2.5,2.0,,19.52,20.42,
2025-03-27T23:07:59.692Z,10,GR86-022-013,-34.2,-0.439,-1.125,2.5,2.0,,20.385,21.18,
2025-03-27T23:07:59.736Z,10,GR86-022-013,-25.200000000000003,-0.505,-1.012,2.5,2.0,,21.0,20.965,
2025-03-27T23:07:59.782Z,10,GR86-022-013,-20.3,-0.491,-0.933,2.49,2.0,4671.0,21.0,21.35,88.86
2025-03-27T23:07:59.826Z,10,GR86-022-013,-19.200000000000003,-0.518,-0.984,2.5,2.0,,19.76,20.48,
2025-03-27T23:07:59.871Z,10,GR86-022-013,-24.5,-0.328,-1.066,2.51,2.0,,10.085,10.68,
2025-03-27T23:07:59.915Z,10,GR86-022-013,-35.9,-0.212,-1.066,2.52,2.0,,2.64,3.005,
2025-03-27T23:07:59.960Z,10,GR86-022-013,-51.0,-0.181,-1.252,2.52,2.0,,0.0,0.0,
2025-03-27T23:08:00.004Z,10,GR86-022-013,-62.900000000000006,-0.232,-1.142,2.5,2.0,4549.0,0.0,0.0,85.08
2025-03-27T23:08:00.048Z,10,GR86-022-013,-66.9,-0.214,-1.241,2.49,2.0,,0.0,0.0,
2025-03-27T23:08:00.094Z,10,GR86-022-013,-63.6,-0.216,-1.285,2.49,2.0,,0.0,0.0,
2025-03-27T23:08:00.138Z,10,GR86-022-013,-62.1,-0.192,-1.341,2.56,2.0,,0.0,0.0,
2025-03-27T23:08:00.182Z,10,GR86-022-013,-61.1,-0.188,-1.355,3.69,2.0,,0.0,0.0,
2025-03-27T23:08:00.226Z,10,GR86-022-013,-58.8,-0.181,-1.426,6.49,2.0,4485.0,0.0,0.0,84.0
2025-03-27T23:08:00.271Z,10,GR86-022-013,-50.400000000000006,-0.153,-1.213,19.22,2.0,,0.0,0.0,
2025-03-27T23:08:00.315Z,10,GR86-022-013,-40.0,-0.167,-1.179,20.45,2.0,,0.0,0.0,
2025-03-27T23:08:00.361Z,10,GR86-022-013,-28.200000000000003,-0.092,-1.118,20.86,2.0,,0.0,0.0,
2025-03-27T23:08:00.405Z,10,GR86-022-013,-19.1,-0.07,-0.945,22.22,2.0,,0.0,0.0,
2025-03-27T23:08:00.450Z,10,GR86-022-013,-15.5,-0.045,-0.947,25.58,2.0,4440.0,0.0,0.0,82.3
2025-03-27T23:08:00.495Z,10,GR86-022-013,-16.1,-0.039,-1.075,29.35,2.0,,0.0,0.0,
2025-03-27T23:08:00.540Z,10,GR86-022-013,-16.0,0.171,-1.1,33.76,2.0,,0.0,0.0,
2025-03-27T23:08:00.585Z,10,GR86-022-013,-15.8,0.198,-1.288,40.29,2.0,,0.0,0.0,
2025-03-27T23:08:00.630Z,10,GR86-022-013,-13.1,0.228,-1.308,70.16,2.0,,0.0,0.0,
2025-03-27T23:08:00.675Z,10,GR86-022-013,-7.2,0.232,-1.03,94.44,2.0,4861.0,0.0,0.0,80.96000000000001
2025-03-27T23:08:00.720Z,10,GR86-022-013,-1.6,0.308,-1.141,99.73,2.0,,0.0,0.0,
2025-03-27T23:08:00.765Z,10,GR86-022-013,-1.4,0.305,-1.228,99.82,2.0,,0.0,0.0,
2025-03-27T23:08:00.811Z,10,GR86-022-013,-19.6,0.276,-1.094,99.82,2.0,,0.0,0.0,
2025-03-27T23:08:00.855Z,10,GR86-022-013,-22.200000000000003,0.261,-1.234,99.82,2.0,,0.0,0.0,
2025-03-27T23:08:00.900Z,10,GR86-022-013,-14.5,0.248,-1.234,99.81,2.0,5041.0,0.0,0.0,82.0
2025-03-27T23:08:00.944Z,10,GR86-022-013,-20.3,0.279,-1.094,99.86,2.0,,0.0,0.0,
2025-03-27T23:08:00.988Z,10,GR86-022-013,-42.1,0.347,-1.264,99.88,2.0,,0.0,0.0,
2025-03-27T23:08:01.032Z,10,GR86-022-013,-73.5,0.384,-1.17,99.84,2.0,,0.0,0.0,
2025-03-27T23:08:01.076Z,10,GR86-022-013,-76.7,0.285,-1.296,99.83,2.0,,0.0,0.0,
2025-03-27T23:08:01.121Z,10,GR86-022-013,-67.9,0.276,-1.278,99.8,2.0,5095.0,0.0,0.0,83.99
2025-03-27T23:08:01.165Z,10,GR86-022-013,-63.0,0.238,-1.129,99.82,2.0,,0.0,0.0,
2025-03-27T23:08:01.210Z,10,GR86-022-013,-63.3,0.25,-1.106,99.82,2.0,,0.0,0.0,
2025-03-27T23:08:01.254Z,10,GR86-022-013,-63.3,0.264,-1.22,99.82,2.0,,0.0,0.0,
2025-03-27T23:08:01.298Z,10,GR86-022-013,-65.60000000000001,0.26,-1.194,99.84,2.0,,0.0,0.0,
2025-03-27T23:08:01.342Z,10,GR86-022-013,-71.5,0.238,-1.251,99.84,2.0,5165.0,0.0,0.0,85.85000000000001
2025-03-27T23:08:01.386Z,10,GR86-022-013,-76.60000000000001,0.228,-1.26,99.83,2.0,,0.0,0.0,
2025-03-27T23:08:01.431Z,10,GR86-022-013,-76.5,0.256,-1.165,99.85,2.0,,0.0,0.0,
2025-03-27T23:08:01.475Z,10,GR86-022-013,-76.5,0.233,-1.188,99.84,2.0,,0.0,0.0,
2025-03-27T23:08:01.520Z,10,GR86-022-013,-77.30000000000001,0.251,-1.111,99.84,2.0,,0.0,0.0,
2025-03-27T23:08:01.564Z,10,GR86-022-013,-77.30000000000001,0.227,-1.175,99.82,2.0,5229.0,0.0,0.0,88.82000000000001
2025-03-27T23:08:01.608Z,10,GR86-022-013,-77.30000000000001,0.23,-1.256,99.84,2.0,,0.0,0.0,
2025-03-27T23:08:01.698Z,10,GR86-022-013,-76.2,0.231,-1.205,99.84,2.0,,0.0,0.0,
2025-03-27T23:08:01.742Z,10,GR86-022-013,-71.9,0.245,-1.158,99.84,2.0,,0.0,0.0,
2025-03-27T23:08:01.786Z,10,GR86-022-013,-66.8,0.206,-1.107,99.84,2.0,5374.0,0.0,0.0,91.36
2025-03-27T23:08:01.830Z,10,GR86-022-013,-62.8,0.213,-1.248,99.86,2.0,,0.0,0.0,
2025-03-27T23:08:01.875Z,10,GR86-022-013,-62.6,0.242,-1.227,99.84,2.0,,0.0,0.0,
2025-03-27T23:08:01.921Z,10,GR86-022-013,-62.400000000000006,0.278,-1.229,99.84,2.0,,0.0,0.0,
2025-03-27T23:08:01.965Z,10,GR86-022-013,-58.5,0.281,-1.231,99.82,2.0,,0.0,0.0,
2025-03-27T23:08:02.011Z,10,GR86-022-013,-48.8,0.269,-1.152,99.83,2.0,5565.0,0.0,0.0,93.85
2025-03-27T23:08:02.055Z,10,GR86-022-013,-42.6,0.24,-1.103,99.84,2.0,,0.0,0.0,
2025-03-27T23:08:02.100Z,10,GR86-022-013,-38.7,0.277,-1.129,99.83,2.0,,0.0,0.0,
2025-03-27T23:08:02.144Z,10,GR86-022-013,-36.0,0.29,-1.146,99.84,2.0,,0.0,0.0,
2025-03-27T23:08:02.188Z,10,GR86-022-013,-34.6,0.29,-0.974,99.86,2.0,,0.0,0.0,
2025-03-27T23:08:02.232Z,10,GR86-022-013,-32.0,0.304,-1.059,99.86,2.0,5648.0,0.0,0.0,96.42
2025-03-27T23:08:02.276Z,10,GR86-022-013,-31.4,0.27,-1.026,99.86,2.0,,0.0,0.0,
2025-03-27T23:08:02.321Z,10,GR86-022-013,-31.4,0.332,-0.843,99.85,2.0,,0.0,0.0,
2025-03-27T23:08:02.365Z,10,GR86-022-013,-30.700000000000003,0.305,-0.866,99.85,2.0,,0.0,0.0,
2025-03-27T23:08:02.410Z,10,GR86-022-013,-29.200000000000003,0.275,-0.659,99.85,2.0,,0.0,0.0,
2025-03-27T23:08:02.455Z,10,GR86-022-013,-28.5,0.273,-0.645,99.85,2.0,5778.0,0.0,0.0,98.6
2025-03-27T23:08:02.500Z,10,GR86-022-013,-27.3,0.25,-0.683,99.84,2.0,,0.0,0.0,
2025-03-27T23:08:02.544Z,10,GR86-022-013,-26.1,0.289,-0.665,99.85,2.0,,0.0,0.0,
2025-03-27T23:08:02.588Z,10,GR86-022-013,-25.1,0.29,-0.675,99.86,2.0,,0.0,0.0,
2025-03-27T23:08:02.632Z,10,GR86-022-013,-24.9,0.269,-0.74,99.85,2.0,,0.0,0.0,
2025-03-27T23:08:02.676Z,10,GR86-022-013,-24.8,0.298,-0.704,99.85,2.0,6070.0,0.0,0.0,102.79
2025-03-27T23:08:02.720Z,10,GR86-022-013,-24.1,0.243,-0.709,99.86,2.0,,0.0,0.0,
2025-03-27T23:08:02.764Z,10,GR86-022-013,-23.0,0.266,-0.6920000000000001,99.87,2.0,,0.0,0.0,
2025-03-27T23:08:02.808Z,10,GR86-022-013,-22.200000000000003,0.268,-0.625,99.85,2.0,,0.0,0.0,
2025-03-27T23:08:02.852Z,10,GR86-022-013,-21.3,0.277,-0.617,99.86,2.0,,0.0,0.0,
2025-03-27T23:08:02.896Z,10,GR86-022-013,-20.6,0.276,-0.545,99.84,2.0,6260.0,0.0,0.0,106.08
2025-03-27T23:08:02.940Z,10,GR86-022-013,-20.3,0.248,-0.479,99.87,2.0,,0.0,0.0,
2025-03-27T23:08:02.984Z,10,GR86-022-013,-19.6,0.285,-0.485,99.85,2.0,,0.0,0.0,
2025-03-27T23:08:03.028Z,10,GR86-022-013,-18.6,0.303,-0.44,99.87,2.0,,0.0,0.0,
2025-03-27T23:08:03.072Z,10,GR86-022-013,-17.2,0.277,-0.314,99.89,2.0,,0.0,0.0,
2025-03-27T23:08:03.116Z,10,GR86-022-013,-15.9,0.233,-0.331,99.86,2.0,6429.0,0.0,0.0,108.95
2025-03-27T23:08:03.160Z,10,GR86-022-013,-14.4,0.198,-0.261,99.86,2.0,,0.0,0.0,
2025-03-27T23:08:03.204Z,10,GR86-022-013,-12.7,0.26,-0.269,99.86,2.0,,0.0,0.0,
2025-03-27T23:08:03.248Z,10,GR86-022-013,-10.9,0.295,-0.305,99.86,2.0,,0.0,0.0,
2025-03-27T23:08:03.292Z,10,GR86-022-013,-9.0,0.309,-0.334,99.87,2.0,,0.0,0.0,
2025-03-27T23:08:03.336Z,10,GR86-022-013,-8.5,0.258,-0.35,99.86,2.0,6657.0,0.0,0.0,111.41
2025-03-27T23:08:03.382Z,10,GR86-022-013,-8.5,0.253,-0.363,99.86,2.0,,0.0,0.0,
2025-03-27T23:08:03.426Z,10,GR86-022-013,-8.5,0.273,-0.354,99.87,2.0,,0.0,0.0,
2025-03-27T23:08:03.471Z,10,GR86-022-013,-8.5,0.277,-0.301,99.88,2.0,,0.0,0.0,
2025-03-27T23:08:03.515Z,10,GR86-022-013,-8.4,0.28,-0.309,99.87,2.0,,0.0,0.0,
2025-03-27T23:08:03.560Z,10,GR86-022-013,-7.6,0.303,-0.286,99.86,2.0,6740.0,0.0,0.0,114.69
2025-03-27T23:08:03.604Z,10,GR86-022-013,-7.1000000000000005,0.264,-0.242,99.86,2.0,,0.0,0.0,
2025-03-27T23:08:03.648Z,10,GR86-022-013,-7.1000000000000005,0.308,-0.109,99.86,2.0,,0.0,0.0,
2025-03-27T23:08:03.692Z,10,GR86-022-013,-7.1000000000000005,0.293,-0.117,99.87,2.0,,0.0,0.0,
2025-03-27T23:08:03.736Z,10,GR86-022-013,-6.800000000000001,0.248,-0.007,99.88,2.0,,0.0,0.0,
2025-03-27T23:08:03.782Z,10,GR86-022-013,-6.1000000000000005,0.29,-0.161,99.88,2.0,6858.0,0.0,0.0,117.86
2025-03-27T23:08:03.826Z,10,GR86-022-013,-6.1000000000000005,0.347,-0.199,99.86,2.0,,0.0,0.0,
2025-03-27T23:08:03.871Z,10,GR86-022-013,-8.8,0.299,-0.25,99.87,2.0,,0.0,0.0,
2025-03-27T23:08:03.915Z,10,GR86-022-013,-12.2,0.249,-0.329,99.85,2.0,,0.0,0.0,
2025-03-27T23:08:03.961Z,10,GR86-022-013,-14.7,0.259,-0.354,99.88,2.0,,0.0,0.0,
2025-03-27T23:08:04.005Z,10,GR86-022-013,-14.9,0.275,-0.39,99.87,2.0,6984.0,0.0,0.0,120.15
2025-03-27T23:08:04.049Z,10,GR86-022-013,-15.2,0.272,-0.406,99.87,2.0,,0.0,0.0,
2025-03-27T23:08:04.094Z,10,GR86-022-013,-16.900000000000002,0.264,-0.405,99.87,2.0,,0.0,0.0,
2025-03-27T23:08:04.138Z,10,GR86-022-013,-19.1,0.253,-0.449,99.87,2.0,,0.0,0.0,
2025-03-27T23:08:04.183Z,10,GR86-022-013,-19.8,0.245,-0.537,99.9,2.0,,0.0,0.0,
2025-03-27T23:08:04.227Z,10,GR86-022-013,-19.200000000000003,0.274,-0.55,99.87,2.0,7130.0,0.0,0.0,123.0
2025-03-27T23:08:04.271Z,10,GR86-022-013,-18.2,0.267,-0.593,99.88,2.0,,0.0,0.0,
2025-03-27T23:08:04.315Z,10,GR86-022-013,-18.0,0.237,-0.582,99.89,2.0,,0.0,0.0,
2025-03-27T23:08:04.360Z,10,GR86-022-013,-18.0,-0.104,-0.556,99.87,3.0,,0.0,0.0,
2025-03-27T23:08:04.404Z,10,GR86-022-013,-17.7,0.174,-0.497,99.9,3.0,,0.0,0.0,
2025-03-27T23:08:04.448Z,10,GR86-022-013,-15.8,0.561,-0.6,99.91,3.0,7267.0,0.0,0.0,125.32
2025-03-27T23:08:04.492Z,10,GR86-022-013,-15.0,0.383,-0.498,99.9,3.0,,0.0,0.0,
2025-03-27T23:08:04.536Z,10,GR86-022-013,-15.0,0.173,-0.5730000000000001,99.9,3.0,,0.0,0.0,
2025-03-27T23:08:04.582Z,10,GR86-022-013,-15.2,0.11,-0.685,99.88,3.0,,0.0,0.0,
2025-03-27T23:08:04.626Z,10,GR86-022-013,-15.2,0.194,-0.578,99.89,3.0,,0.0,0.0,
2025-03-27T23:08:04.671Z,10,GR86-022-013,-15.3,0.273,-0.652,99.88,3.0,6161.0,0.0,0.0,129.3
2025-03-27T23:08:04.715Z,10,GR86-022-013,-15.6,0.249,-0.5710000000000001,99.88,3.0,,0.0,0.0,
2025-03-27T23:08:04.760Z,10,GR86-022-013,-16.900000000000002,0.183,-0.519,99.9,3.0,,0.0,0.0,
2025-03-27T23:08:04.805Z,10,GR86-022-013,-17.8,0.197,-0.59,99.89,3.0,,0.0,0.0,
2025-03-27T23:08:04.850Z,10,GR86-022-013,-17.8,0.217,-0.533,99.88,3.0,,0.0,0.0,
2025-03-27T23:08:04.895Z,10,GR86-022-013,-18.4,0.223,-0.555,99.89,3.0,6197.0,0.0,0.0,131.12
2025-03-27T23:08:04.940Z,10,GR86-022-013,-19.1,0.212,-0.5640000000000001,99.89,3.0,,0.0,0.0,
2025-03-27T23:08:04.984Z,10,GR86-022-013,-20.0,0.193,-0.577,99.87,3.0,,0.0,0.0,
2025-03-27T23:08:05.028Z,10,GR86-022-013,-20.9,0.214,-0.645,99.89,3.0,,0.0,0.0,
2025-03-27T23:08:05.072Z,10,GR86-022-013,-20.9,0.223,-0.712,99.88,3.0,,0.0,0.0,
2025-03-27T23:08:05.116Z,10,GR86-022-013,-21.3,0.213,-0.716,99.89,3.0,6287.0,0.0,0.0,132.85
2025-03-27T23:08:05.161Z,10,GR86-022-013,-22.200000000000003,0.205,-0.715,99.89,3.0,,0.0,0.0,
2025-03-27T23:08:05.205Z,10,GR86-022-013,-24.1,0.198,-0.725,99.89,3.0,,0.0,0.0,
2025-03-27T23:08:05.251Z,10,GR86-022-013,-26.9,0.21,-0.724,99.89,3.0,,0.0,0.0,
2025-03-27T23:08:05.295Z,10,GR86-022-013,-26.700000000000003,0.194,-0.758,99.89,3.0,,0.0,0.0,
2025-03-27T23:08:05.340Z,10,GR86-022-013,-26.6,0.201,-0.789,99.88,3.0,6357.0,0.0,0.0,134.79
2025-03-27T23:08:05.385Z,10,GR86-022-013,-26.6,0.211,-0.796,99.9,3.0,,0.0,0.0,
2025-03-27T23:08:05.430Z,10,GR86-022-013,-26.6,0.202,-0.84,99.91,3.0,,0.0,0.0,
2025-03-27T23:08:05.474Z,10,GR86-022-013,-27.3,0.207,-0.8290000000000001,99.9,3.0,,0.0,0.0,
2025-03-27T23:08:05.518Z,10,GR86-022-013,-27.9,0.215,-0.838,99.88,3.0,,0.0,0.0,
2025-03-27T23:08:05.562Z,10,GR86-022-013,-28.3,0.199,-0.863,99.91,3.0,6439.0,0.0,0.0,136.51
2025-03-27T23:08:05.606Z,10,GR86-022-013,-28.3,0.191,-0.853,99.89,3.0,,0.0,0.0,
2025-03-27T23:08:05.650Z,10,GR86-022-013,-28.3,0.217,-0.883,99.89,3.0,,0.0,0.0,
2025-03-27T23:08:05.695Z,10,GR86-022-013,-28.8,0.214,-0.841,99.9,3.0,,0.0,0.0,
2025-03-27T23:08:05.740Z,10,GR86-022-013,-28.9,0.197,-0.811,99.89,3.0,,0.0,0.0,
2025-03-27T23:08:05.784Z,10,GR86-022-013,-29.1,0.192,-0.778,99.9,3.0,6536.0,0.0,0.0,138.1
2025-03-27T23:08:05.828Z,10,GR86-022-013,-29.1,0.19,-0.8170000000000001,99.89,3.0,,0.0,0.0,
2025-03-27T23:08:05.872Z,10,GR86-022-013,-30.5,0.216,-0.873,99.9,3.0,,0.0,0.0,
2025-03-27T23:08:05.916Z,10,GR86-022-013,-31.8,0.221,-0.964,99.88,3.0,,0.0,0.0,
2025-03-27T23:08:05.960Z,10,GR86-022-013,-32.4,0.199,-0.975,99.9,3.0,,0.0,0.0,
2025-03-27T23:08:06.004Z,10,GR86-022-013,-32.4,0.165,-1.023,99.9,3.0,6640.0,0.0,0.0,139.36
2025-03-27T23:08:06.048Z,10,GR86-022-013,-32.4,0.203,-1.066,99.89,3.0,,0.0,0.0,
2025-03-27T23:08:06.092Z,10,GR86-022-013,-32.4,0.181,-1.057,99.88,3.0,,0.0,0.0,
2025-03-27T23:08:06.136Z,10,GR86-022-013,-32.4,0.192,-1.102,99.89,3.0,,0.0,0.0,
2025-03-27T23:08:06.182Z,10,GR86-022-013,-32.300000000000004,0.204,-1.133,99.9,3.0,,0.0,0.0,
2025-03-27T23:08:06.227Z,10,GR86-022-013,-31.9,0.172,-1.171,99.9,3.0,6705.0,0.0,0.0,141.12
2025-03-27T23:08:06.271Z,10,GR86-022-013,-31.4,0.212,-1.128,99.9,3.0,,0.0,0.0,
2025-03-27T23:08:06.315Z,10,GR86-022-013,-31.1,0.212,-1.015,99.89,3.0,,0.0,0.0,
2025-03-27T23:08:06.361Z,10,GR86-022-013,-29.6,0.159,-0.998,99.9,3.0,,0.0,0.0,
2025-03-27T23:08:06.405Z,10,GR86-022-013,-27.200000000000003,0.168,-1.053,99.89,3.0,,0.0,0.0,
2025-03-27T23:08:06.450Z,10,GR86-022-013,-25.6,0.216,-1.091,99.9,3.0,6779.0,0.0,0.0,142.66
2025-03-27T23:08:06.494Z,10,GR86-022-013,-26.0,0.215,-1.028,99.9,3.0,,0.0,0.0,
2025-03-27T23:08:06.538Z,10,GR86-022-013,-26.5,0.196,-0.964,99.88,3.0,,0.0,0.0,
2025-03-27T23:08:06.582Z,10,GR86-022-013,-27.700000000000003,0.169,-0.862,99.9,3.0,,0.0,0.0,
2025-03-27T23:08:06.626Z,10,GR86-022-013,-28.8,0.168,-0.931,99.91,3.0,,0.0,0.0,
2025-03-27T23:08:06.671Z,10,GR86-022-013,-29.8,0.223,-1.056,99.91,3.0,6971.0,0.0,0.0,145.13
2025-03-27T23:08:06.715Z,10,GR86-022-013,-30.0,0.218,-1.083,99.9,3.0,,0.0,0.0,
2025-03-27T23:08:06.760Z,10,GR86-022-013,-30.0,0.211,-1.002,99.9,3.0,,0.0,0.0,
2025-03-27T23:08:06.804Z,10,GR86-022-013,-30.0,0.148,-0.947,99.89,3.0,,0.0,0.0,
2025-03-27T23:08:06.848Z,10,GR86-022-013,-30.6,0.148,-1.006,99.9,3.0,,0.0,0.0,
2025-03-27T23:08:06.892Z,10,GR86-022-013,-32.1,0.213,-1.195,99.9,3.0,7027.0,0.0,0.0,146.70000000000002
2025-03-27T23:08:06.936Z,10,GR86-022-013,-34.5,0.186,-1.257,99.91,3.0,,0.0,0.0,
2025-03-27T23:08:06.982Z,10,GR86-022-013,-37.7,0.155,-1.271,99.91,3.0,,0.0,0.0,
2025-03-27T23:08:07.026Z,10,GR86-022-013,-40.0,0.156,-1.297,99.91,3.0,,0.0,0.0,
2025-03-27T23:08:07.071Z,10,GR86-022-013,-40.6,0.16,-1.166,99.9,3.0,,0.0,0.0,
2025-03-27T23:08:07.115Z,10,GR86-022-013,-40.6,0.151,-1.23,99.91,3.0,7031.0,0.0,0.0,148.33
2025-03-27T23:08:07.160Z,10,GR86-022-013,-39.900000000000006,0.169,-1.247,99.91,3.0,,0.0,0.0,
2025-03-27T23:08:07.205Z,10,GR86-022-013,-39.1,0.168,-1.26,99.9,3.0,,0.0,0.0,
2025-03-27T23:08:07.251Z,10,GR86-022-013,-38.0,0.197,-1.274,99.89,3.0,,0.0,0.0,
2025-03-27T23:08:07.295Z,10,GR86-022-013,-37.8,0.178,-1.208,99.89,3.0,,0.0,0.0,
2025-03-27T23:08:07.340Z,10,GR86-022-013,-37.8,0.19,-1.111,99.92,3.0,7097.0,0.0,0.0,149.45000000000002
2025-03-27T23:08:07.428Z,10,GR86-022-013,-35.7,0.143,-1.368,99.91,3.0,,0.0,0.0,
2025-03-27T23:08:07.472Z,10,GR86-022-013,-33.0,0.186,-1.368,99.9,3.0,,0.0,0.0,
2025-03-27T23:08:07.516Z,10,GR86-022-013,-33.0,0.144,-1.403,99.91,3.0,,0.0,0.0,
2025-03-27T23:08:07.561Z,10,GR86-022-013,-35.0,0.14,-1.404,99.91,3.0,7146.0,0.0,0.0,150.49
2025-03-27T23:08:07.605Z,10,GR86-022-013,-38.2,0.153,-1.313,99.92,3.0,,0.0,0.0,
2025-03-27T23:08:07.650Z,10,GR86-022-013,-40.5,0.148,-1.289,99.9,3.0,,0.0,0.0,
2025-03-27T23:08:07.694Z,10,GR86-022-013,-40.3,0.131,-1.173,99.89,3.0,,0.0,0.0,
2025-03-27T23:08:07.738Z,10,GR86-022-013,-38.0,0.151,-1.132,99.91,3.0,,0.0,0.0,
2025-03-27T23:08:07.782Z,10,GR86-022-013,-35.4,0.176,-1.196,99.9,3.0,7169.0,0.0,0.0,152.21
2025-03-27T23:08:07.826Z,10,GR86-022-013,-32.0,0.191,-1.175,99.9,3.0,,0.0,0.0,
2025-03-27T23:08:07.871Z,10,GR86-022-013,-30.700000000000003,0.158,-1.135,99.91,3.0,,0.0,0.0,
2025-03-27T23:08:07.915Z,10,GR86-022-013,-32.1,0.182,-1.146,99.91,3.0,,0.0,0.0,
2025-03-27T23:08:07.960Z,10,GR86-022-013,-33.5,0.177,-1.224,99.91,3.0,,0.0,0.0,
2025-03-27T23:08:08.004Z,10,GR86-022-013,-33.6,0.171,-1.234,99.9,3.0,7214.0,0.0,0.0,152.96
2025-03-27T23:08:08.048Z,10,GR86-022-013,-32.800000000000004,0.146,-1.239,99.91,3.0,,0.0,0.0,
2025-03-27T23:08:08.092Z,10,GR86-022-013,-30.3,0.17,-1.232,99.91,3.0,,0.0,0.0,
2025-03-27T23:08:08.136Z,10,GR86-022-013,-30.1,0.149,-1.198,99.92,3.0,,0.0,0.0,
2025-03-27T23:08:08.183Z,10,GR86-022-013,-30.1,0.159,-1.194,99.89,3.0,,0.0,0.0,
2025-03-27T23:08:08.227Z,10,GR86-022-013,-30.1,0.15,-1.144,99.92,3.0,7252.0,0.0,0.0,154.17000000000002
2025-03-27T23:08:08.271Z,10,GR86-022-013,-30.1,0.165,-1.125,99.91,3.0,,0.0,0.0,
2025-03-27T23:08:08.315Z,10,GR86-022-013,-30.200000000000003,0.158,-1.09,99.91,3.0,,0.0,0.0,
2025-03-27T23:08:08.360Z,10,GR86-022-013,-30.700000000000003,0.152,-1.052,99.91,3.0,,0.0,0.0,
2025-03-27T23:08:08.405Z,10,GR86-022-013,-32.800000000000004,-0.163,-1.049,99.92,4.0,,0.0,0.0,
2025-03-27T23:08:08.450Z,10,GR86-022-013,-34.4,0.436,-0.943,99.91,4.0,7275.0,0.0,0.0,155.20000000000002
2025-03-27T23:08:08.495Z,10,GR86-022-013,-34.7,0.281,-1.114,99.91,4.0,,0.0,0.0,
2025-03-27T23:08:08.540Z,10,GR86-022-013,-34.7,0.126,-0.936,99.91,4.0,,0.0,0.0,
2025-03-27T23:08:08.584Z,10,GR86-022-013,-34.7,0.029,-1.026,99.92,4.0,,0.0,0.0,
2025-03-27T23:08:08.628Z,10,GR86-022-013,-34.7,0.129,-1.188,99.92,4.0,,0.0,0.0,
2025-03-27T23:08:08.672Z,10,GR86-022-013,-32.6,0.182,-1.024,99.91,4.0,6242.0,0.0,0.0,156.85
2025-03-27T23:08:08.716Z,10,GR86-022-013,-30.4,0.125,-1.201,99.9,4.0,,0.0,0.0,
2025-03-27T23:08:08.761Z,10,GR86-022-013,-27.6,0.107,-1.179,99.9,4.0,,0.0,0.0,
2025-03-27T23:08:08.805Z,10,GR86-022-013,-26.1,0.129,-1.159,99.91,4.0,,0.0,0.0,
2025-03-27T23:08:08.850Z,10,GR86-022-013,-26.1,0.149,-1.197,99.92,4.0,,0.0,0.0,
2025-03-27T23:08:08.894Z,10,GR86-022-013,-26.0,0.14,-1.136,99.91,4.0,6205.0,0.0,0.0,157.51
2025-03-27T23:08:08.938Z,10,GR86-022-013,-24.6,0.131,-1.114,99.91,4.0,,0.0,0.0,
2025-03-27T23:08:08.982Z,10,GR86-022-013,-23.9,0.147,-1.055,99.91,4.0,,0.0,0.0,
2025-03-27T23:08:09.026Z,10,GR86-022-013,-23.1,0.133,-0.951,99.91,4.0,,0.0,0.0,
2025-03-27T23:08:09.071Z,10,GR86-022-013,-22.700000000000003,0.13,-0.891,99.9,4.0,,0.0,0.0,
2025-03-27T23:08:09.115Z,10,GR86-022-013,-22.4,0.127,-0.863,99.91,4.0,6202.0,0.0,0.0,158.09
2025-03-27T23:08:09.159Z,10,GR86-022-013,-21.3,0.138,-0.782,99.92,4.0,,0.0,0.0,
2025-03-27T23:08:09.204Z,10,GR86-022-013,-19.6,0.14,-0.785,99.91,4.0,,5.8,6.15,
2025-03-27T23:08:09.248Z,10,GR86-022-013,-17.6,0.137,-0.783,99.91,4.0,,6.335,6.6850000000000005,
2025-03-27T23:08:09.292Z,10,GR86-022-013,-14.3,0.082,-0.737,99.9,4.0,,0.0,0.0,
2025-03-27T23:08:09.336Z,10,GR86-022-013,-11.5,0.131,-0.727,99.91,4.0,6231.0,0.0,0.0,158.36
2025-03-27T23:08:09.382Z,10,GR86-022-013,-8.6,0.162,-0.685,99.91,4.0,,0.0,0.0,
2025-03-27T23:08:09.426Z,10,GR86-022-013,-5.5,0.192,-0.665,99.91,4.0,,0.0,0.0,
2025-03-27T23:08:09.471Z,10,GR86-022-013,-2.0,0.145,-0.56,99.9,4.0,,0.0,0.0,
2025-03-27T23:08:09.515Z,10,GR86-022-013,0.2,0.162,-0.522,99.91,4.0,,0.0,0.0,
2025-03-27T23:08:09.560Z,10,GR86-022-013,3.2,0.163,-0.475,99.91,4.0,6239.0,0.0,0.0,158.53
2025-03-27T23:08:09.605Z,10,GR86-022-013,6.6000000000000005,0.189,-0.365,99.91,4.0,,0.0,0.0,
2025-03-27T23:08:09.649Z,10,GR86-022-013,10.3,0.144,-0.228,99.91,4.0,,0.0,0.0,
2025-03-27T23:08:09.694Z,10,GR86-022-013,11.7,0.166,-0.126,99.92,4.0,,0.0,0.0,
2025-03-27T23:08:09.738Z,10,GR86-022-013,12.5,0.171,-0.054,99.92,4.0,,0.0,0.0,
2025-03-27T23:08:09.782Z,10,GR86-022-013,13.5,0.2,0.025,99.91,4.0,6245.0,0.0,0.0,159.15
2025-03-27T23:08:09.826Z,10,GR86-022-013,14.8,0.171,0.105,99.91,4.0,,0.0,0.0,
2025-03-27T23:08:09.871Z,10,GR86-022-013,16.900000000000002,0.166,0.162,99.91,4.0,,0.0,0.0,
2025-03-27T23:08:09.915Z,10,GR86-022-013,19.0,0.189,0.258,99.91,4.0,,0.0,0.0,
2025-03-27T23:08:09.961Z,10,GR86-022-013,20.200000000000003,0.188,0.286,99.91,4.0,,0.0,0.0,
2025-03-27T23:08:10.005Z,10,GR86-022-013,20.3,0.173,0.356,99.91,4.0,6279.0,0.0,0.0,159.69
2025-03-27T23:08:10.050Z,10,GR86-022-013,19.700000000000003,0.183,0.371,99.93,4.0,,0.0,0.0,
2025-03-27T23:08:10.095Z,10,GR86-022-013,19.700000000000003,0.172,0.45,99.91,4.0,,0.0,0.0,
2025-03-27T23:08:10.140Z,10,GR86-022-013,19.700000000000003,0.209,0.477,99.91,4.0,,0.0,0.0,
2025-03-27T23:08:10.185Z,10,GR86-022-013,19.700000000000003,0.209,0.5680000000000001,99.91,4.0,,0.0,0.0,
2025-03-27T23:08:10.231Z,10,GR86-022-013,20.700000000000003,0.156,0.561,99.91,4.0,6335.0,0.0,0.0,160.08
2025-03-27T23:08:10.275Z,10,GR86-022-013,22.5,0.182,0.619,99.91,4.0,,0.0,0.0,
2025-03-27T23:08:10.321Z,10,GR86-022-013,24.9,0.186,0.634,99.91,4.0,,0.0,0.0,
2025-03-27T23:08:10.365Z,10,GR86-022-013,27.200000000000003,0.185,0.608,99.92,4.0,,0.0,0.0,
2025-03-27T23:08:10.411Z,10,GR86-022-013,28.9,0.186,0.64,99.92,4.0,,0.0,0.0,
2025-03-27T23:08:10.455Z,10,GR86-022-013,28.700000000000003,0.194,0.593,99.91,4.0,6355.0,0.0,0.0,160.86
2025-03-27T23:08:10.500Z,10,GR86-022-013,27.8,0.182,0.59,99.92,4.0,,0.0,0.0,
2025-03-27T23:08:10.544Z,10,GR86-022-013,26.6,0.187,0.532,99.92,4.0,,0.0,0.0,
2025-03-27T23:08:10.588Z,10,GR86-022-013,25.1,0.163,0.483,99.91,4.0,,0.0,0.0,
2025-03-27T23:08:10.632Z,10,GR86-022-013,24.4,0.151,0.396,99.93,4.0,,0.0,0.0,
2025-03-27T23:08:10.676Z,10,GR86-022-013,25.3,0.135,0.496,99.92,4.0,6526.0,0.0,0.0,161.98
2025-03-27T23:08:10.721Z,10,GR86-022-013,28.1,0.201,0.592,99.91,4.0,,0.0,0.0,
2025-03-27T23:08:10.765Z,10,GR86-022-013,32.4,0.203,0.734,99.91,4.0,,0.0,0.0,
2025-03-27T23:08:10.810Z,10,GR86-022-013,35.4,0.132,0.861,99.92,4.0,,0.0,0.0,
2025-03-27T23:08:10.855Z,10,GR86-022-013,34.4,0.116,0.852,99.91,4.0,,0.0,0.0,
2025-03-27T23:08:10.900Z,10,GR86-022-013,31.700000000000003,0.153,0.894,99.89,4.0,6602.0,0.0,0.0,162.78
2025-03-27T23:08:10.944Z,10,GR86-022-013,25.6,0.147,0.958,99.91,4.0,,0.0,0.0,
2025-03-27T23:08:10.988Z,10,GR86-022-013,19.1,0.133,1.01,80.74,4.0,,4.18,4.365,
2025-03-27T23:08:11.034Z,10,GR86-022-013,17.1,0.151,1.04,24.91,4.0,,9.905,9.995,
2025-03-27T23:08:11.078Z,10,GR86-022-013,15.7,-0.01,0.983,15.44,4.0,,15.78,15.75,
2025-03-27T23:08:11.122Z,10,GR86-022-013,10.6,-0.194,0.899,7.61,4.0,6601.0,21.87,21.745,163.57
2025-03-27T23:08:11.166Z,10,GR86-022-013,6.4,-0.381,0.8230000000000001,6.8100000000000005,4.0,,26.43,26.26,
2025-03-27T23:08:11.210Z,10,GR86-022-013,12.1,-0.526,0.6890000000000001,4.19,4.0,,31.055,30.93,
2025-03-27T23:08:11.254Z,10,GR86-022-013,21.3,-0.542,0.64,3.66,4.0,,34.655,34.78,
2025-03-27T23:08:11.298Z,10,GR86-022-013,22.700000000000003,-0.617,0.65,3.37,4.0,,34.18,34.52,
2025-03-27T23:08:11.342Z,10,GR86-022-013,16.5,-0.58,0.643,3.21,4.0,6136.0,36.805,37.8,163.21
2025-03-27T23:08:11.386Z,10,GR86-022-013,13.9,-0.685,0.6,3.09,4.0,,43.49,44.025,
2025-03-27T23:08:11.430Z,10,GR86-022-013,18.5,-0.677,0.516,2.96,4.0,,51.655,52.34,
2025-03-27T23:08:11.475Z,10,GR86-022-013,18.5,-0.856,0.506,2.87,4.0,,54.525,55.805,
2025-03-27T23:08:11.521Z,10,GR86-022-013,12.5,-0.884,0.609,2.78,4.0,,55.945,57.5,
2025-03-27T23:08:11.565Z,10,GR86-022-013,9.3,-0.937,0.625,2.68,4.0,5589.0,55.045,55.485,158.31
2025-03-27T23:08:11.611Z,10,GR86-022-013,15.5,-0.982,0.593,2.57,4.0,,55.64,55.485,
2025-03-27T23:08:11.655Z,10,GR86-022-013,21.3,-0.991,0.557,2.53,4.0,,52.495000000000005,51.93,
2025-03-27T23:08:11.700Z,10,GR86-022-013,24.4,-0.896,0.585,11.34,4.0,,42.775,43.295,
2025-03-27T23:08:11.744Z,10,GR86-022-013,21.4,-0.72,0.613,55.05,4.0,,32.38,33.345,
2025-03-27T23:08:11.788Z,10,GR86-022-013,14.2,-0.643,0.562,45.4,3.0,5717.0,25.24,26.2,150.66
2025-03-27T23:08:11.832Z,10,GR86-022-013,7.7,-0.916,0.418,4.1,3.0,,23.53,24.46,
2025-03-27T23:08:11.876Z,10,GR86-022-013,9.2,-0.709,0.5760000000000001,3.56,3.0,,23.59,24.525,
2025-03-27T23:08:11.921Z,10,GR86-022-013,12.4,-0.8180000000000001,0.68,3.26,3.0,,21.835,22.16,
2025-03-27T23:08:11.965Z,10,GR86-022-013,12.2,-0.8,0.6960000000000001,3.15,3.0,,22.16,22.675,
2025-03-27T23:08:12.054Z,10,GR86-022-013,4.6000000000000005,-0.51,0.65,2.95,3.0,6051.0,20.325,20.325,148.59
2025-03-27T23:08:12.098Z,10,GR86-022-013,14.7,-0.494,0.601,2.86,3.0,,20.02,20.115,
2025-03-27T23:08:12.142Z,10,GR86-022-013,29.9,-0.452,0.48,2.74,3.0,,20.875,21.06,
2025-03-27T23:08:12.186Z,10,GR86-022-013,40.2,-0.465,0.559,2.64,3.0,,21.44,21.655,
2025-03-27T23:08:12.231Z,10,GR86-022-013,45.5,-0.5630000000000001,0.6950000000000001,2.58,3.0,6447.0,23.18,23.485,145.1
2025-03-27T23:08:12.275Z,10,GR86-022-013,45.2,-0.763,0.68,2.56,3.0,,30.275,30.015,
2025-03-27T23:08:12.320Z,10,GR86-022-013,45.1,-0.749,0.785,2.54,3.0,,37.235,36.99,
2025-03-27T23:08:12.364Z,10,GR86-022-013,45.400000000000006,-0.709,0.853,2.53,3.0,,38.285,38.32,
2025-03-27T23:08:12.408Z,10,GR86-022-013,45.2,-0.758,0.892,2.52,3.0,,36.84,37.355,
2025-03-27T23:08:12.452Z,10,GR86-022-013,41.3,-0.773,1.004,2.52,3.0,6165.0,34.78,35.955,139.83
2025-03-27T23:08:12.540Z,10,GR86-022-013,42.1,-0.893,1.075,2.52,3.0,,34.03,34.87,
2025-03-27T23:08:12.585Z,10,GR86-022-013,44.7,-0.8310000000000001,1.26,2.51,3.0,,31.985,32.015,
2025-03-27T23:08:12.630Z,10,GR86-022-013,45.2,-0.675,1.269,2.52,3.0,,24.735,25.545,
2025-03-27T23:08:12.675Z,10,GR86-022-013,49.7,-0.509,1.25,2.52,3.0,5879.0,18.175,19.12,133.91
2025-03-27T23:08:12.765Z,10,GR86-022-013,63.8,-0.492,1.333,2.51,3.0,,13.49,14.24,
2025-03-27T23:08:12.811Z,10,GR86-022-013,59.400000000000006,-0.414,1.396,2.5,3.0,,13.11,13.46,
2025-03-27T23:08:12.855Z,10,GR86-022-013,52.1,-0.38,1.42,2.5,3.0,,11.43,12.085,
2025-03-27T23:08:12.900Z,10,GR86-022-013,45.3,-0.442,1.483,2.51,3.0,5672.0,10.715,11.095,129.32
2025-03-27T23:08:12.944Z,10,GR86-022-013,45.8,-0.42,1.518,2.52,3.0,,11.37,11.81,
2025-03-27T23:08:12.988Z,10,GR86-022-013,49.1,-0.423,1.582,2.51,3.0,,11.37,11.87,
2025-03-27T23:08:13.032Z,10,GR86-022-013,43.1,-0.443,1.666,2.49,3.0,,11.46,12.025,
2025-03-27T23:08:13.076Z,10,GR86-022-013,30.9,-0.459,1.57,2.49,3.0,,11.705,11.905,
2025-03-27T23:08:13.121Z,10,GR86-022-013,19.6,-0.451,1.539,2.5,3.0,5581.0,11.735,12.27,126.97
2025-03-27T23:08:13.165Z,10,GR86-022-013,16.7,-0.398,1.416,2.52,3.0,,7.98,8.425,
2025-03-27T23:08:13.210Z,10,GR86-022-013,25.5,-0.177,1.439,2.51,3.0,,0.0,0.0,
2025-03-27T23:08:13.254Z,10,GR86-022-013,28.5,-0.158,1.423,2.5,3.0,,0.0,0.0,
2025-03-27T23:08:13.298Z,10,GR86-022-013,21.5,-0.163,1.415,2.5,3.0,,0.0,0.0,
2025-03-27T23:08:13.342Z,10,GR86-022-013,16.8,-0.136,1.381,2.51,3.0,5491.0,0.0,0.0,124.36
2025-03-27T23:08:13.386Z,10,GR86-022-013,24.200000000000003,-0.127,1.283,2.51,3.0,,0.0,0.0,
2025-03-27T23:08:13.431Z,10,GR86-022-013,36.7,-0.139,1.263,2.49,3.0,,0.0,0.0,
2025-03-27T23:08:13.475Z,10,GR86-022-013,34.9,-0.154,1.285,2.51,3.0,,0.0,0.0,
2025-03-27T23:08:13.520Z,10,GR86-022-013,26.6,-0.128,1.242,2.5,3.0,,0.0,0.0,
2025-03-27T23:08:13.564Z,10,GR86-022-013,23.9,-0.133,1.195,2.49,3.0,5454.0,0.0,0.0,122.39
2025-03-27T23:08:13.608Z,10,GR86-022-013,31.9,-0.182,1.138,2.5,3.0,,0.0,0.0,
2025-03-27T23:08:13.652Z,10,GR86-022-013,48.2,-0.186,1.24,2.5,3.0,,0.0,0.0,
2025-03-27T23:08:13.696Z,10,GR86-022-013,51.1,-0.161,1.305,2.5,3.0,,0.0,0.0,
2025-03-27T23:08:13.740Z,10,GR86-022-013,48.7,-0.163,1.316,2.49,3.0,,0.0,0.0,
2025-03-27T23:08:13.784Z,10,GR86-022-013,46.5,-0.173,1.292,2.5,3.0,5396.0,0.0,0.0,119.92
2025-03-27T23:08:13.828Z,10,GR86-022-013,47.900000000000006,-0.176,1.321,2.5,3.0,,0.0,0.0,
2025-03-27T23:08:13.872Z,10,GR86-022-013,50.2,-0.186,1.314,2.5,3.0,,0.0,0.0,
2025-03-27T23:08:14.004Z,10,GR86-022-013,50.900000000000006,-0.174,1.269,2.49,3.0,5383.0,0.0,0.0,119.02
2025-03-27T23:08:14.048Z,10,GR86-022-013,63.5,-0.18,1.178,2.5,3.0,,0.0,0.0,
2025-03-27T23:08:14.136Z,10,GR86-022-013,67.10000000000001,-0.163,1.146,2.49,3.0,,0.0,0.0,
2025-03-27T23:08:14.227Z,10,GR86-022-013,70.2,-0.184,1.171,2.5,3.0,5398.0,0.0,0.0,118.43
2025-03-27T23:08:14.271Z,10,GR86-022-013,74.2,-0.201,1.317,2.5500000000000003,3.0,,0.0,0.0,
2025-03-27T23:08:14.315Z,10,GR86-022-013,72.0,-0.195,1.399,2.5500000000000003,3.0,,0.0,0.0,
2025-03-27T23:08:14.360Z,10,GR86-022-013,68.60000000000001,-0.187,1.37,2.9,3.0,,0.0,0.0,
2025-03-27T23:08:14.405Z,10,GR86-022-013,66.8,-0.194,1.368,4.15,3.0,,0.0,0.0,
2025-03-27T23:08:14.451Z,10,GR86-022-013,66.7,-0.187,1.356,5.93,3.0,5375.0,0.0,0.0,117.78
2025-03-27T23:08:14.495Z,10,GR86-022-013,67.10000000000001,-0.171,1.353,11.35,3.0,,0.0,0.0,
2025-03-27T23:08:14.540Z,10,GR86-022-013,67.9,-0.158,1.327,12.49,3.0,,0.0,0.0,
2025-03-27T23:08:14.584Z,10,GR86-022-013,70.10000000000001,-0.179,1.357,15.52,3.0,,0.0,0.0,
2025-03-27T23:08:14.628Z,10,GR86-022-013,73.9,-0.12,1.32,13.28,3.0,,0.0,0.0,
2025-03-27T23:08:14.672Z,10,GR86-022-013,77.60000000000001,-0.136,1.384,10.09,3.0,5330.0,0.0,0.0,117.69
2025-03-27T23:08:14.716Z,10,GR86-022-013,77.60000000000001,-0.127,1.375,8.91,3.0,,0.0,0.0,
2025-03-27T23:08:14.761Z,10,GR86-022-013,77.30000000000001,-0.145,1.429,12.33,3.0,,0.0,0.0,
2025-03-27T23:08:14.850Z,10,GR86-022-013,76.3,-0.114,1.411,13.99,3.0,,0.0,0.0,
2025-03-27T23:08:14.894Z,10,GR86-022-013,71.8,-0.206,1.423,22.12,3.0,5274.0,0.0,0.0,117.08
2025-03-27T23:08:14.938Z,10,GR86-022-013,71.3,-0.147,1.448,22.11,3.0,,0.0,0.0,
2025-03-27T23:08:14.982Z,10,GR86-022-013,71.3,-0.095,1.46,22.84,3.0,,0.0,0.0,
2025-03-27T23:08:15.026Z,10,GR86-022-013,71.4,-0.123,1.499,23.15,3.0,,0.0,0.0,
2025-03-27T23:08:15.071Z,10,GR86-022-013,76.0,0.113,1.432,22.54,3.0,,0.0,0.0,
2025-03-27T23:08:15.115Z,10,GR86-022-013,81.2,0.064,1.403,22.51,3.0,5562.0,0.0,0.0,116.57
2025-03-27T23:08:15.160Z,10,GR86-022-013,86.10000000000001,0.003,1.377,22.25,3.0,,0.0,0.0,
2025-03-27T23:08:15.204Z,10,GR86-022-013,89.9,-0.043,1.314,22.14,3.0,,0.0,0.0,
2025-03-27T23:08:15.248Z,10,GR86-022-013,91.9,0.018,1.337,22.09,3.0,,0.0,0.0,
2025-03-27T23:08:15.292Z,10,GR86-022-013,92.9,0.03,1.297,22.02,3.0,,0.0,0.0,
2025-03-27T23:08:15.336Z,10,GR86-022-013,93.4,0.008,1.349,22.0,3.0,5432.0,0.0,0.0,116.27
2025-03-27T23:08:15.382Z,10,GR86-022-013,94.0,-0.006,1.353,21.99,3.0,,0.0,0.0,
2025-03-27T23:08:15.426Z,10,GR86-022-013,94.0,-0.014,1.336,22.09,3.0,,0.0,0.0,
2025-03-27T23:08:15.471Z,10,GR86-022-013,94.0,0.002,1.386,27.01,3.0,,0.0,0.0,
2025-03-27T23:08:15.515Z,10,GR86-022-013,94.0,-0.013,1.444,28.37,3.0,,0.0,0.0,
2025-03-27T23:08:15.560Z,10,GR86-022-013,94.0,0.025,1.431,32.12,3.0,5451.0,0.0,0.0,116.29
2025-03-27T23:08:15.605Z,10,GR86-022-013,90.9,0.049,1.398,52.75,3.0,,0.0,0.0,
2025-03-27T23:08:15.650Z,10,GR86-022-013,75.60000000000001,0.089,1.46,99.9,3.0,,0.0,0.0,
2025-03-27T23:08:15.695Z,10,GR86-022-013,63.1,0.117,1.378,99.84,3.0,,0.0,0.0,
2025-03-27T23:08:15.740Z,10,GR86-022-013,57.7,0.212,1.405,99.82,3.0,,0.0,0.0,
2025-03-27T23:08:15.784Z,10,GR86-022-013,58.5,0.24,1.414,99.85,3.0,5537.0,0.0,0.0,117.05
2025-03-27T23:08:15.828Z,10,GR86-022-013,61.5,0.208,1.319,99.84,3.0,,0.0,0.0,
2025-03-27T23:08:15.872Z,10,GR86-022-013,59.400000000000006,0.181,1.366,99.83,3.0,,0.0,0.0,
2025-03-27T23:08:15.916Z,10,GR86-022-013,57.7,0.19,1.326,99.85,3.0,,0.0,0.0,
2025-03-27T23:08:15.961Z,10,GR86-022-013,64.0,0.175,1.375,99.88,3.0,,0.0,0.0,
2025-03-27T23:08:16.005Z,10,GR86-022-013,73.8,0.198,1.485,99.87,3.0,5590.0,0.0,0.0,118.28
2025-03-27T23:08:16.050Z,10,GR86-022-013,79.0,0.174,1.329,99.85,3.0,,0.0,0.0,
2025-03-27T23:08:16.094Z,10,GR86-022-013,74.5,0.188,1.47,99.84,3.0,,0.0,0.0,
2025-03-27T23:08:16.138Z,10,GR86-022-013,65.9,0.186,1.273,99.84,3.0,,0.0,0.0,
2025-03-27T23:08:16.183Z,10,GR86-022-013,63.900000000000006,0.177,1.392,99.85,3.0,,0.0,0.0,
2025-03-27T23:08:16.227Z,10,GR86-022-013,68.4,0.241,1.384,99.87,3.0,5671.0,0.0,0.0,119.65
2025-03-27T23:08:16.271Z,10,GR86-022-013,77.10000000000001,0.201,1.338,99.85,3.0,,0.0,0.0,
2025-03-27T23:08:16.315Z,10,GR86-022-013,78.7,0.167,1.261,99.85,3.0,,0.0,0.0,
2025-03-27T23:08:16.360Z,10,GR86-022-013,78.7,0.151,1.254,99.85,3.0,,0.0,0.0,
2025-03-27T23:08:16.404Z,10,GR86-022-013,78.7,0.158,1.221,99.85,3.0,,0.0,0.0,
2025-03-27T23:08:16.448Z,10,GR86-022-013,78.4,0.167,1.274,99.85,3.0,5749.0,0.0,0.0,121.31
2025-03-27T23:08:16.492Z,10,GR86-022-013,69.5,0.181,1.361,99.85,3.0,,0.0,0.0,
2025-03-27T23:08:16.536Z,10,GR86-022-013,60.3,0.195,1.456,99.84,3.0,,0.0,0.0,
2025-03-27T23:08:16.582Z,10,GR86-022-013,54.0,0.159,1.47,99.85,3.0,,0.0,0.0,
2025-03-27T23:08:16.626Z,10,GR86-022-013,53.2,0.213,1.434,99.85,3.0,,0.0,0.0,
2025-03-27T23:08:16.715Z,10,GR86-022-013,57.3,0.223,1.417,99.86,3.0,5968.0,0.0,0.0,125.04
2025-03-27T23:08:16.760Z,10,GR86-022-013,56.8,0.188,1.332,99.84,3.0,,0.0,0.0,
2025-03-27T23:08:16.850Z,10,GR86-022-013,55.8,0.125,1.203,99.85,3.0,,0.0,0.0,
2025-03-27T23:08:16.894Z,10,GR86-022-013,53.8,0.243,1.439,99.86,3.0,6120.0,0.0,0.0,126.45
2025-03-27T23:08:16.938Z,10,GR86-022-013,50.400000000000006,0.228,1.509,99.86,3.0,,0.0,0.0,
2025-03-27T23:08:16.982Z,10,GR86-022-013,47.900000000000006,0.143,1.476,99.86,3.0,,0.0,0.0,
2025-03-27T23:08:17.026Z,10,GR86-022-013,48.400000000000006,0.18,1.609,99.85,3.0,,0.0,0.0,
2025-03-27T23:08:17.071Z,10,GR86-022-013,53.2,0.229,1.631,99.86,3.0,,0.0,0.0,
2025-03-27T23:08:17.115Z,10,GR86-022-013,56.3,0.193,1.614,99.86,3.0,6114.0,0.0,0.0,128.25
2025-03-27T23:08:17.161Z,10,GR86-022-013,60.6,0.186,1.602,99.86,3.0,,0.0,0.0,
2025-03-27T23:08:17.205Z,10,GR86-022-013,68.2,0.193,1.579,99.88,3.0,,0.0,0.0,
2025-03-27T23:08:17.251Z,10,GR86-022-013,84.4,0.209,1.395,99.87,3.0,,0.0,0.0,
2025-03-27T23:08:17.295Z,10,GR86-022-013,89.10000000000001,0.157,1.36,99.86,3.0,,0.0,0.0,
2025-03-27T23:08:17.340Z,10,GR86-022-013,85.30000000000001,0.136,1.437,99.85,3.0,6099.0,0.0,0.0,128.96
2025-03-27T23:08:17.428Z,10,GR86-022-013,77.30000000000001,0.149,1.541,99.84,3.0,,0.0,0.0,
2025-03-27T23:08:17.472Z,10,GR86-022-013,77.5,0.162,1.607,99.87,3.0,,0.0,0.0,
2025-03-27T23:08:17.516Z,10,GR86-022-013,77.4,0.127,1.696,99.86,3.0,,0.0,0.0,
2025-03-27T23:08:17.560Z,10,GR86-022-013,77.0,0.152,1.713,99.86,3.0,6173.0,0.0,0.0,129.78
2025-03-27T23:08:17.604Z,10,GR86-022-013,78.7,0.177,1.69,99.87,3.0,,0.0,0.0,
2025-03-27T23:08:17.648Z,10,GR86-022-013,80.4,0.163,1.637,99.87,3.0,,0.0,0.0,
2025-03-27T23:08:17.692Z,10,GR86-022-013,81.0,0.166,1.704,99.86,3.0,,0.0,0.0,
2025-03-27T23:08:17.736Z,10,GR86-022-013,81.0,0.141,1.682,99.87,3.0,,0.0,0.0,
2025-03-27T23:08:17.782Z,10,GR86-022-013,79.9,0.14,1.598,99.84,3.0,6224.0,0.0,0.0,133.24
2025-03-27T23:08:17.826Z,10,GR86-022-013,75.0,0.198,1.46,99.85,3.0,,0.0,0.0,
2025-03-27T23:08:17.871Z,10,GR86-022-013,68.0,0.174,1.519,99.85,3.0,,0.0,0.0,
2025-03-27T23:08:17.915Z,10,GR86-022-013,64.4,0.201,1.587,99.86,3.0,,0.0,0.0,
2025-03-27T23:08:18.005Z,10,GR86-022-013,62.6,0.191,1.421,99.85,3.0,6284.0,0.0,0.0,134.1
2025-03-27T23:08:18.050Z,10,GR86-022-013,62.5,0.158,1.711,99.86,3.0,,0.0,0.0,
2025-03-27T23:08:18.095Z,10,GR86-022-013,62.5,0.183,1.698,99.88,3.0,,0.0,0.0,
2025-03-27T23:08:18.140Z,10,GR86-022-013,62.5,0.205,1.585,99.86,3.0,,0.0,0.0,
2025-03-27T23:08:18.184Z,10,GR86-022-013,62.5,0.197,1.439,99.87,3.0,,0.0,0.0,
2025-03-27T23:08:18.228Z,10,GR86-022-013,61.1,0.148,1.358,99.86,3.0,6341.0,0.0,0.0,134.7
2025-03-27T23:08:18.272Z,10,GR86-022-013,56.400000000000006,0.199,1.346,99.86,3.0,,0.0,0.0,
2025-03-27T23:08:18.316Z,10,GR86-022-013,52.5,0.194,1.284,99.85,3.0,,0.0,0.0,
2025-03-27T23:08:18.361Z,10,GR86-022-013,48.900000000000006,0.213,1.249,99.87,3.0,,0.0,0.0,
2025-03-27T23:08:18.405Z,10,GR86-022-013,46.6,0.226,1.172,99.87,3.0,,0.0,0.0,
2025-03-27T23:08:18.450Z,10,GR86-022-013,42.7,0.228,1.133,99.85,3.0,6369.0,0.0,0.0,135.02
2025-03-27T23:08:18.494Z,10,GR86-022-013,41.0,0.229,1.076,99.86,3.0,,0.0,0.0,
2025-03-27T23:08:18.538Z,10,GR86-022-013,38.8,0.193,1.049,99.85,3.0,,0.0,0.0,
2025-03-27T23:08:18.582Z,10,GR86-022-013,36.6,0.218,1.05,99.87,3.0,,0.0,0.0,
2025-03-27T23:08:18.626Z,10,GR86-022-013,35.5,0.236,0.97,99.87,3.0,,0.0,0.0,
2025-03-27T23:08:18.671Z,10,GR86-022-013,32.5,0.228,0.978,99.87,3.0,6465.0,0.0,0.0,135.91
2025-03-27T23:08:18.715Z,10,GR86-022-013,30.9,0.221,0.959,99.87,3.0,,0.0,0.0,
2025-03-27T23:08:18.760Z,10,GR86-022-013,30.4,0.23,0.916,99.87,3.0,,0.0,0.0,
2025-03-27T23:08:18.804Z,10,GR86-022-013,31.3,0.219,0.94,99.87,3.0,,0.0,0.0,
2025-03-27T23:08:18.848Z,10,GR86-022-013,34.800000000000004,0.233,0.937,99.86,3.0,,0.0,0.0,
2025-03-27T23:08:18.892Z,10,GR86-022-013,39.7,0.199,0.984,99.87,3.0,6515.0,0.0,0.0,136.88
2025-03-27T23:08:18.936Z,10,GR86-022-013,41.6,0.206,0.96,99.87,3.0,,0.0,0.0,
2025-03-27T23:08:18.982Z,10,GR86-022-013,41.8,0.227,1.018,99.87,3.0,,0.0,0.0,
2025-03-27T23:08:19.026Z,10,GR86-022-013,41.5,0.21,1.004,99.87,3.0,,0.0,0.0,
2025-03-27T23:08:19.071Z,10,GR86-022-013,39.1,0.223,1.037,99.87,3.0,,0.0,0.0,
2025-03-27T23:08:19.115Z,10,GR86-022-013,38.5,0.205,1.05,99.87,3.0,6559.0,0.0,0.0,138.07
2025-03-27T23:08:19.160Z,10,GR86-022-013,39.5,0.219,1.046,99.87,3.0,,0.0,0.0,
2025-03-27T23:08:19.205Z,10,GR86-022-013,42.400000000000006,0.187,1.081,99.88,3.0,,0.0,0.0,
2025-03-27T23:08:19.251Z,10,GR86-022-013,46.5,0.208,1.049,99.88,3.0,,0.0,0.0,
2025-03-27T23:08:19.295Z,10,GR86-022-013,48.0,0.232,1.166,99.88,3.0,,0.0,0.0,
2025-03-27T23:08:19.340Z,10,GR86-022-013,48.3,0.233,1.085,99.88,3.0,6604.0,0.0,0.0,139.36
2025-03-27T23:08:19.384Z,10,GR86-022-013,48.3,0.209,1.163,99.89,3.0,,0.0,0.0,
2025-03-27T23:08:19.428Z,10,GR86-022-013,48.3,0.213,1.125,99.87,3.0,,0.0,0.0,
2025-03-27T23:08:19.472Z,10,GR86-022-013,48.3,0.201,1.096,99.88,3.0,,0.0,0.0,
2025-03-27T23:08:19.516Z,10,GR86-022-013,47.8,0.193,1.056,99.88,3.0,,0.0,0.0,
2025-03-27T23:08:19.561Z,10,GR86-022-013,44.8,0.21,1.078,99.87,3.0,6633.0,0.0,0.0,140.64
2025-03-27T23:08:19.605Z,10,GR86-022-013,42.2,0.225,1.015,99.86,3.0,,0.0,0.0,
2025-03-27T23:08:19.650Z,10,GR86-022-013,41.5,0.22,1.065,99.88,3.0,,0.0,0.0,
2025-03-27T23:08:19.694Z,10,GR86-022-013,41.5,0.21,1.055,99.87,3.0,,0.0,0.0,
2025-03-27T23:08:19.738Z,10,GR86-022-013,41.5,0.22,1.054,99.88,3.0,,0.0,0.0,
2025-03-27T23:08:19.782Z,10,GR86-022-013,41.5,0.196,1.071,99.86,3.0,6713.0,0.0,0.0,141.53
2025-03-27T23:08:19.826Z,10,GR86-022-013,41.5,0.22,1.083,99.88,3.0,,0.0,0.0,
2025-03-27T23:08:19.871Z,10,GR86-022-013,39.1,0.223,1.134,99.88,3.0,,0.0,0.0,
2025-03-27T23:08:19.915Z,10,GR86-022-013,37.3,0.198,1.125,99.89,3.0,,0.0,0.0,
2025-03-27T23:08:19.960Z,10,GR86-022-013,36.8,0.219,1.129,99.9,3.0,,0.0,0.0,
2025-03-27T23:08:20.004Z,10,GR86-022-013,36.8,0.233,1.132,99.88,3.0,6773.0,0.0,0.0,142.51
2025-03-27T23:08:20.048Z,10,GR86-022-013,37.6,0.225,1.116,99.88,3.0,,0.0,0.0,
2025-03-27T23:08:20.092Z,10,GR86-022-013,39.0,0.232,1.064,99.89,3.0,,0.0,0.0,
2025-03-27T23:08:20.136Z,10,GR86-022-013,39.5,0.211,1.073,99.88,3.0,,0.0,0.0,
2025-03-27T23:08:20.183Z,10,GR86-022-013,40.2,0.212,1.059,99.88,3.0,,0.0,0.0,
2025-03-27T23:08:20.227Z,10,GR86-022-013,40.5,0.216,1.045,99.89,3.0,6807.0,0.0,0.0,143.6
2025-03-27T23:08:20.271Z,10,GR86-022-013,40.5,0.219,1.048,99.88,3.0,,0.0,0.0,
2025-03-27T23:08:20.315Z,10,GR86-022-013,40.5,0.221,1.001,99.88,3.0,,0.0,0.0,
2025-03-27T23:08:20.360Z,10,GR86-022-013,40.5,0.213,1.018,99.89,3.0,,0.0,0.0,
2025-03-27T23:08:20.450Z,10,GR86-022-013,33.6,0.245,0.988,99.89,3.0,6848.0,0.0,0.0,144.48
2025-03-27T23:08:20.495Z,10,GR86-022-013,31.9,0.213,0.977,99.88,3.0,,0.0,0.0,
2025-03-27T23:08:20.540Z,10,GR86-022-013,31.8,0.195,0.957,99.87,3.0,,0.0,0.0,
2025-03-27T23:08:20.584Z,10,GR86-022-013,33.2,0.211,0.936,99.88,3.0,,0.0,0.0,
2025-03-27T23:08:20.628Z,10,GR86-022-013,34.9,0.226,0.913,99.89,3.0,,0.0,0.0,
2025-03-27T23:08:20.672Z,10,GR86-022-013,37.1,0.207,0.901,99.88,3.0,6916.0,0.0,0.0,146.67000000000002
2025-03-27T23:08:20.716Z,10,GR86-022-013,37.3,0.217,0.88,99.89,3.0,,0.0,0.0,
2025-03-27T23:08:20.761Z,10,GR86-022-013,37.3,0.228,0.85,99.89,3.0,,0.0,0.0,
2025-03-27T23:08:20.805Z,10,GR86-022-013,37.3,0.224,0.859,99.89,3.0,,0.0,0.0,
2025-03-27T23:08:20.850Z,10,GR86-022-013,37.0,0.244,0.858,99.87,3.0,,0.0,0.0,
2025-03-27T23:08:20.894Z,10,GR86-022-013,35.5,0.234,0.856,99.9,3.0,6968.0,0.0,0.0,147.75
2025-03-27T23:08:20.938Z,10,GR86-022-013,33.1,0.188,0.869,99.88,3.0,,0.0,0.0,
2025-03-27T23:08:20.983Z,10,GR86-022-013,30.4,0.193,0.87,99.86,3.0,,0.0,0.0,
2025-03-27T23:08:21.027Z,10,GR86-022-013,28.3,0.211,0.853,99.89,3.0,,0.0,0.0,
2025-03-27T23:08:21.071Z,10,GR86-022-013,25.1,0.163,0.759,99.87,3.0,,0.0,0.0,
2025-03-27T23:08:21.115Z,10,GR86-022-013,24.200000000000003,0.182,0.721,99.89,3.0,6999.0,0.0,0.0,148.84
2025-03-27T23:08:21.160Z,10,GR86-022-013,24.200000000000003,0.223,0.6950000000000001,99.89,3.0,,0.0,0.0,
2025-03-27T23:08:21.204Z,10,GR86-022-013,24.200000000000003,0.233,0.68,99.9,3.0,,0.0,0.0,
2025-03-27T23:08:21.248Z,10,GR86-022-013,24.200000000000003,0.273,0.685,99.88,3.0,,0.0,0.0,
2025-03-27T23:08:21.292Z,10,GR86-022-013,24.200000000000003,0.261,0.661,99.88,3.0,,0.0,0.0,
2025-03-27T23:08:21.336Z,10,GR86-022-013,24.200000000000003,0.232,0.616,99.88,3.0,7065.0,0.0,0.0,149.88
2025-03-27T23:08:21.382Z,10,GR86-022-013,24.200000000000003,0.24,0.583,99.88,3.0,,0.0,0.0,
2025-03-27T23:08:21.426Z,10,GR86-022-013,23.9,0.192,0.559,99.89,3.0,,0.0,0.0,
2025-03-27T23:08:21.471Z,10,GR86-022-013,20.8,0.227,0.515,99.88,3.0,,0.0,0.0,
2025-03-27T23:08:21.515Z,10,GR86-022-013,17.3,0.198,0.534,99.88,3.0,,0.0,0.0,
2025-03-27T23:08:21.560Z,10,GR86-022-013,14.5,0.219,0.493,99.88,3.0,7102.0,0.0,0.0,150.87
2025-03-27T23:08:21.605Z,10,GR86-022-013,13.9,0.21,0.497,99.89,3.0,,0.0,0.0,
2025-03-27T23:08:21.649Z,10,GR86-022-013,14.1,0.19,0.446,99.89,3.0,,0.0,0.0,
2025-03-27T23:08:21.694Z,10,GR86-022-013,14.1,0.185,0.387,99.89,3.0,,0.0,0.0,
2025-03-27T23:08:21.738Z,10,GR86-022-013,14.1,-0.028,0.343,99.88,4.0,,0.0,0.0,
2025-03-27T23:08:21.782Z,10,GR86-022-013,14.1,0.06,0.37,99.87,4.0,7125.0,0.0,0.0,152.0
2025-03-27T23:08:21.826Z,10,GR86-022-013,14.2,0.511,0.219,99.88,4.0,,0.0,0.0,
2025-03-27T23:08:21.871Z,10,GR86-022-013,14.3,0.287,0.198,99.88,4.0,,0.0,0.0,
2025-03-27T23:08:21.915Z,10,GR86-022-013,14.7,0.115,0.247,99.88,4.0,,0.0,0.0,
2025-03-27T23:08:21.961Z,10,GR86-022-013,15.3,0.148,0.175,99.88,4.0,,0.0,0.0,
2025-03-27T23:08:22.005Z,10,GR86-022-013,15.8,0.213,0.26,99.89,4.0,6112.0,0.0,0.0,153.02
2025-03-27T23:08:22.050Z,10,GR86-022-013,16.2,0.217,0.242,99.88,4.0,,0.0,0.0,
2025-03-27T23:08:22.094Z,10,GR86-022-013,17.1,0.178,0.26,99.88,4.0,,0.0,0.0,
2025-03-27T23:08:22.138Z,10,GR86-022-013,17.6,0.184,0.323,99.88,4.0,,0.0,0.0,
2025-03-27T23:08:22.183Z,10,GR86-022-013,17.6,0.164,0.314,99.88,4.0,,0.0,0.0,
2025-03-27T23:08:22.227Z,10,GR86-022-013,17.6,0.148,0.335,99.87,4.0,6040.0,0.0,0.0,154.1
2025-03-27T23:08:22.271Z,10,GR86-022-013,17.2,0.175,0.342,99.88,4.0,,0.0,0.0,
2025-03-27T23:08:22.315Z,10,GR86-022-013,16.900000000000002,0.152,0.347,99.89,4.0,,0.0,0.0,
2025-03-27T23:08:22.404Z,10,GR86-022-013,15.3,0.172,0.351,99.88,4.0,,0.0,0.0,
2025-03-27T23:08:22.448Z,10,GR86-022-013,14.8,0.199,0.324,99.88,4.0,6096.0,0.0,0.0,155.08
2025-03-27T23:08:22.492Z,10,GR86-022-013,14.2,0.15,0.296,99.88,4.0,,0.0,0.0,
2025-03-27T23:08:22.536Z,10,GR86-022-013,14.0,0.166,0.268,99.89,4.0,,0.0,0.0,
2025-03-27T23:08:22.582Z,10,GR86-022-013,13.9,0.185,0.27,99.89,4.0,,0.0,0.0,
2025-03-27T23:08:22.626Z,10,GR86-022-013,13.9,0.199,0.267,99.88,4.0,,0.0,0.0,
2025-03-27T23:08:22.671Z,10,GR86-022-013,13.9,0.171,0.248,99.89,4.0,6178.0,0.0,0.0,156.89
2025-03-27T23:08:22.715Z,10,GR86-022-013,13.9,0.181,0.25,99.88,4.0,,0.0,0.0,
2025-03-27T23:08:22.760Z,10,GR86-022-013,13.9,0.199,0.259,99.87,4.0,,0.0,0.0,
2025-03-27T23:08:22.805Z,10,GR86-022-013,13.9,0.201,0.239,99.88,4.0,,0.0,0.0,
2025-03-27T23:08:22.850Z,10,GR86-022-013,13.9,0.176,0.217,99.9,4.0,,0.0,0.0,
2025-03-27T23:08:22.894Z,10,GR86-022-013,13.7,0.183,0.208,99.88,4.0,6198.0,0.0,0.0,157.88
2025-03-27T23:08:22.938Z,10,GR86-022-013,13.3,0.2,0.213,99.88,4.0,,0.0,0.0,
2025-03-27T23:08:22.982Z,10,GR86-022-013,12.8,0.192,0.212,99.89,4.0,,0.0,0.0,
2025-03-27T23:08:23.026Z,10,GR86-022-013,12.5,0.168,0.21,99.88,4.0,,0.0,0.0,
2025-03-27T23:08:23.071Z,10,GR86-022-013,12.4,0.19,0.197,99.89,4.0,,0.0,0.0,
2025-03-27T23:08:23.115Z,10,GR86-022-013,12.4,0.194,0.228,99.9,4.0,6244.0,0.0,0.0,158.67000000000002
2025-03-27T23:08:23.161Z,10,GR86-022-013,12.4,0.184,0.206,99.88,4.0,,0.0,0.0,
2025-03-27T23:08:23.205Z,10,GR86-022-013,12.4,0.156,0.194,99.89,4.0,,0.0,0.0,
2025-03-27T23:08:23.251Z,10,GR86-022-013,12.4,0.206,0.192,99.88,4.0,,0.0,0.0,
2025-03-27T23:08:23.295Z,10,GR86-022-013,12.4,0.183,0.188,99.89,4.0,,0.0,0.0,
2025-03-27T23:08:23.340Z,10,GR86-022-013,12.4,0.167,0.191,99.88,4.0,6280.0,0.0,0.0,159.65
2025-03-27T23:08:23.385Z,10,GR86-022-013,12.6,0.149,0.196,99.88,4.0,,0.0,0.0,
2025-03-27T23:08:23.430Z,10,GR86-022-013,13.5,0.194,0.22,99.89,4.0,,0.0,0.0,
2025-03-27T23:08:23.475Z,10,GR86-022-013,13.8,0.18,0.229,99.88,4.0,,0.0,0.0,
2025-03-27T23:08:23.521Z,10,GR86-022-013,13.8,0.182,0.246,99.9,4.0,,0.0,0.0,
2025-03-27T23:08:23.565Z,10,GR86-022-013,13.7,0.159,0.233,99.89,4.0,6319.0,0.0,0.0,160.55
2025-03-27T23:08:23.611Z,10,GR86-022-013,13.7,0.186,0.246,99.88,4.0,,0.0,0.0,
2025-03-27T23:08:23.655Z,10,GR86-022-013,13.7,0.174,0.244,99.89,4.0,,0.0,0.0,
2025-03-27T23:08:23.700Z,10,GR86-022-013,13.6,0.167,0.243,99.88,4.0,,0.0,0.0,
2025-03-27T23:08:23.744Z,10,GR86-022-013,13.2,0.167,0.235,99.89,4.0,,0.0,0.0,
2025-03-27T23:08:23.788Z,10,GR86-022-013,12.3,0.175,0.213,99.88,4.0,6351.0,0.0,0.0,161.47
2025-03-27T23:08:23.832Z,10,GR86-022-013,11.5,0.179,0.219,99.91,4.0,,0.0,0.0,
2025-03-27T23:08:23.876Z,10,GR86-022-013,11.5,0.168,0.208,99.89,4.0,,0.0,0.0,
2025-03-27T23:08:23.921Z,10,GR86-022-013,11.5,0.162,0.204,99.87,4.0,,0.0,0.0,
2025-03-27T23:08:23.965Z,10,GR86-022-013,11.5,0.17,0.194,99.89,4.0,,0.0,0.0,
2025-03-27T23:08:24.010Z,10,GR86-022-013,11.2,0.175,0.206,99.88,4.0,6391.0,0.0,0.0,162.38
2025-03-27T23:08:24.055Z,10,GR86-022-013,10.4,0.175,0.17,99.88,4.0,,0.0,0.0,
2025-03-27T23:08:24.100Z,10,GR86-022-013,9.5,0.158,0.132,99.89,4.0,,0.0,0.0,
2025-03-27T23:08:24.188Z,10,GR86-022-013,9.0,0.161,0.133,99.89,4.0,,0.0,0.0,
2025-03-27T23:08:24.232Z,10,GR86-022-013,9.0,0.157,0.131,99.89,4.0,6431.0,0.0,0.0,163.25
2025-03-27T23:08:24.276Z,10,GR86-022-013,9.0,0.166,0.103,99.89,4.0,,0.0,0.0,
2025-03-27T23:08:24.320Z,10,GR86-022-013,8.8,0.179,0.104,99.88,4.0,,0.0,0.0,
2025-03-27T23:08:24.364Z,10,GR86-022-013,8.700000000000001,0.116,0.099,99.89,4.0,,0.0,0.0,
2025-03-27T23:08:24.408Z,10,GR86-022-013,8.700000000000001,0.171,0.091,99.89,4.0,,0.0,0.0,
2025-03-27T23:08:24.452Z,10,GR86-022-013,8.1,0.174,0.088,99.88,4.0,6479.0,0.0,0.0,164.24
2025-03-27T23:08:24.496Z,10,GR86-022-013,7.7,0.176,0.059,99.88,4.0,,0.0,0.0,
2025-03-27T23:08:24.540Z,10,GR86-022-013,7.2,0.15,0.025,99.89,4.0,,0.0,0.0,
2025-03-27T23:08:24.584Z,10,GR86-022-013,7.0,0.149,0.02,99.88,4.0,,0.0,0.0,
2025-03-27T23:08:24.628Z,10,GR86-022-013,7.0,0.183,0.007,99.91,4.0,,0.0,0.0,
2025-03-27T23:08:24.672Z,10,GR86-022-013,7.0,0.16,0.003,99.88,4.0,6527.0,0.0,0.0,166.16
2025-03-27T23:08:24.716Z,10,GR86-022-013,7.0,0.129,0.029,99.89,4.0,,0.0,0.0,
2025-03-27T23:08:24.760Z,10,GR86-022-013,7.0,0.161,0.013,99.89,4.0,,0.0,0.0,
2025-03-27T23:08:24.804Z,10,GR86-022-013,7.0,0.152,0.028,99.88,4.0,,0.0,0.0,
2025-03-27T23:08:24.848Z,10,GR86-022-013,7.0,0.182,0.041,99.89,4.0,,0.0,0.0,
2025-03-27T23:08:24.892Z,10,GR86-022-013,7.0,0.161,0.018,99.88,4.0,6581.0,0.0,0.0,166.94
2025-03-27T23:08:24.936Z,10,GR86-022-013,7.0,0.116,-0.013,99.89,4.0,,0.0,0.0,
2025-03-27T23:08:24.982Z,10,GR86-022-013,7.0,0.164,-0.013,99.89,4.0,,0.0,0.0,
2025-03-27T23:08:25.026Z,10,GR86-022-013,7.0,0.106,0.012,99.89,4.0,,0.0,0.0,
2025-03-27T23:08:25.071Z,10,GR86-022-013,7.0,0.143,-0.022,99.88,4.0,,0.0,0.0,
2025-03-27T23:08:25.115Z,10,GR86-022-013,7.0,0.223,-0.008,99.89,4.0,6608.0,0.0,0.0,167.87
2025-03-27T23:08:25.205Z,10,GR86-022-013,7.0,0.119,-0.004,99.89,4.0,,0.0,0.0,
2025-03-27T23:08:25.251Z,10,GR86-022-013,7.300000000000001,0.229,-0.02,99.9,4.0,,0.0,0.0,
2025-03-27T23:08:25.296Z,10,GR86-022-013,7.4,0.188,-0.062,99.88,4.0,,0.0,0.0,
2025-03-27T23:08:25.340Z,10,GR86-022-013,7.300000000000001,0.19,0.0,99.89,4.0,6642.0,0.0,0.0,168.85
2025-03-27T23:08:25.384Z,10,GR86-022-013,7.300000000000001,0.138,0.034,99.89,4.0,,0.0,0.0,
2025-03-27T23:08:25.428Z,10,GR86-022-013,7.300000000000001,0.145,0.066,99.89,4.0,,0.0,0.0,
2025-03-27T23:08:25.516Z,10,GR86-022-013,7.300000000000001,0.232,0.052,99.89,4.0,,0.0,0.0,
2025-03-27T23:08:25.561Z,10,GR86-022-013,7.4,0.218,0.065,99.88,4.0,6692.0,0.0,0.0,169.67000000000002
2025-03-27T23:08:25.605Z,10,GR86-022-013,7.4,0.18,0.0,99.89,4.0,,0.0,0.0,
2025-03-27T23:08:25.650Z,10,GR86-022-013,7.1000000000000005,0.154,0.008,99.89,4.0,,0.0,0.0,
2025-03-27T23:08:25.694Z,10,GR86-022-013,7.0,0.169,0.02,99.89,4.0,,0.0,0.0,
2025-03-27T23:08:25.738Z,10,GR86-022-013,7.0,0.189,0.009,99.91,4.0,,0.0,0.0,
2025-03-27T23:08:25.826Z,10,GR86-022-013,7.0,0.201,-0.004,99.89,4.0,6705.0,0.0,0.0,170.64
2025-03-27T23:08:25.871Z,10,GR86-022-013,6.9,0.139,-0.027,99.89,4.0,,0.0,0.0,
2025-03-27T23:08:25.915Z,10,GR86-022-013,6.9,0.156,-0.005,99.88,4.0,,0.0,0.0,
2025-03-27T23:08:25.960Z,10,GR86-022-013,6.9,0.164,-0.002,99.88,4.0,,0.0,0.0,
2025-03-27T23:08:26.004Z,10,GR86-022-013,6.9,0.13,0.024,99.88,4.0,6729.0,0.0,0.0,171.62
2025-03-27T23:08:26.048Z,10,GR86-022-013,7.0,0.165,0.044,99.88,4.0,,0.0,0.0,
2025-03-27T23:08:26.092Z,10,GR86-022-013,7.300000000000001,0.192,-0.008,99.89,4.0,,7.585,8.01,
2025-03-27T23:08:26.182Z,10,GR86-022-013,7.300000000000001,0.052,-0.006,99.89,4.0,,2.64,2.915,
2025-03-27T23:08:26.227Z,10,GR86-022-013,7.300000000000001,0.125,0.013,99.9,4.0,6803.0,0.0,0.0,172.45000000000002
2025-03-27T23:08:26.271Z,10,GR86-022-013,7.4,0.146,0.006,99.9,4.0,,3.725,4.0,
2025-03-27T23:08:26.315Z,10,GR86-022-013,7.4,0.143,0.004,99.89,4.0,,0.0,0.0,
2025-03-27T23:08:26.360Z,10,GR86-022-013,7.4,0.175,0.034,99.9,4.0,,0.0,0.0,
2025-03-27T23:08:26.405Z,10,GR86-022-013,7.5,0.191,0.037,99.88,4.0,,0.0,0.0,
2025-03-27T23:08:26.451Z,10,GR86-022-013,7.800000000000001,0.195,0.034,99.89,4.0,6793.0,0.0,0.0,173.04
2025-03-27T23:08:26.495Z,10,GR86-022-013,7.800000000000001,0.149,-0.012,99.88,4.0,,0.0,0.0,
2025-03-27T23:08:26.540Z,10,GR86-022-013,7.800000000000001,0.214,0.038,99.88,4.0,,0.0,0.0,
2025-03-27T23:08:26.584Z,10,GR86-022-013,7.800000000000001,0.147,0.086,99.89,4.0,,0.0,0.0,
2025-03-27T23:08:26.628Z,10,GR86-022-013,7.800000000000001,0.171,0.059,99.88,4.0,,0.0,0.0,
2025-03-27T23:08:26.672Z,10,GR86-022-013,7.800000000000001,0.183,0.056,99.89,4.0,6898.0,0.0,0.0,174.42000000000002
2025-03-27T23:08:26.716Z,10,GR86-022-013,7.7,0.171,0.042,99.89,4.0,,0.0,0.0,
2025-03-27T23:08:26.761Z,10,GR86-022-013,6.800000000000001,0.154,0.051,99.88,4.0,,0.0,0.0,
2025-03-27T23:08:26.805Z,10,GR86-022-013,5.4,0.147,0.034,99.9,4.0,,0.0,0.0,
2025-03-27T23:08:26.850Z,10,GR86-022-013,4.1000000000000005,0.191,-0.005,99.88,4.0,,0.0,0.0,
2025-03-27T23:08:26.894Z,10,GR86-022-013,3.9,0.18,-0.002,99.88,4.0,6890.0,0.0,0.0,175.42000000000002
2025-03-27T23:08:26.938Z,10,GR86-022-013,3.8,0.18,-0.029,99.91,4.0,,0.0,0.0,
2025-03-27T23:08:26.982Z,10,GR86-022-013,3.7,0.172,-0.067,99.89,4.0,,0.0,0.0,
2025-03-27T23:08:27.027Z,10,GR86-022-013,2.9000000000000004,0.172,-0.082,99.88,4.0,,0.0,0.0,
2025-03-27T23:08:27.071Z,10,GR86-022-013,1.5,0.156,-0.12,99.89,4.0,,2.67,2.73,
2025-03-27T23:08:27.115Z,10,GR86-022-013,1.1,0.13,-0.141,99.89,4.0,6918.0,5.11,5.19,176.24
2025-03-27T23:08:27.160Z,10,GR86-022-013,1.1,0.068,-0.156,99.88,4.0,,8.485,8.425,
2025-03-27T23:08:27.204Z,10,GR86-022-013,1.5,0.001,-0.13,99.89,4.0,,12.085,12.115,
2025-03-27T23:08:27.248Z,10,GR86-022-013,2.9000000000000004,-0.147,-0.137,99.89,4.0,,14.42,14.755,
2025-03-27T23:08:27.292Z,10,GR86-022-013,7.4,-0.154,-0.122,99.9,4.0,,15.215,15.365,
2025-03-27T23:08:27.336Z,10,GR86-022-013,9.7,-0.115,-0.131,64.49,4.0,6913.0,17.275000000000002,17.305,176.08
2025-03-27T23:08:27.382Z,10,GR86-022-013,9.9,-0.234,-0.134,34.32,4.0,,20.145,20.205,
2025-03-27T23:08:27.426Z,10,GR86-022-013,8.200000000000001,-0.301,-0.064,17.79,4.0,,25.395,25.24,
2025-03-27T23:08:27.471Z,10,GR86-022-013,7.1000000000000005,-0.657,0.054,4.71,4.0,,37.645,37.325,
2025-03-27T23:08:27.515Z,10,GR86-022-013,6.800000000000001,-0.898,0.074,4.57,4.0,,45.37,44.94,
2025-03-27T23:08:27.560Z,10,GR86-022-013,5.800000000000001,-1.011,0.126,4.3100000000000005,4.0,6770.0,49.7,49.305,174.86
2025-03-27T23:08:27.648Z,10,GR86-022-013,6.1000000000000005,-1.286,0.11,3.51,4.0,,70.305,69.435,
2025-03-27T23:08:27.692Z,10,GR86-022-013,6.2,-1.377,0.1,3.24,4.0,,93.115,92.125,
2025-03-27T23:08:27.736Z,10,GR86-022-013,7.300000000000001,-1.109,0.079,3.12,4.0,,102.9,103.31,
2025-03-27T23:08:27.782Z,10,GR86-022-013,9.8,-1.139,0.089,3.06,4.0,6150.0,103.555,105.37,169.22
2025-03-27T23:08:27.826Z,10,GR86-022-013,11.2,-1.076,0.076,3.0,4.0,,97.025,98.12,
2025-03-27T23:08:27.871Z,10,GR86-022-013,2.1,-1.309,0.076,2.87,4.0,,92.37,93.68,
2025-03-27T23:08:27.915Z,10,GR86-022-013,-2.6,-1.242,0.087,9.58,4.0,,92.995,93.405,
2025-03-27T23:08:27.961Z,10,GR86-022-013,1.6,-1.264,0.011,52.22,4.0,,95.175,95.74,
2025-03-27T23:08:28.005Z,10,GR86-022-013,9.8,-1.037,-0.086,88.08,3.0,5381.0,92.55,93.775,152.5
2025-03-27T23:08:28.050Z,10,GR86-022-013,13.2,-1.278,-0.028,4.98,3.0,,87.655,88.34,
2025-03-27T23:08:28.094Z,10,GR86-022-013,13.2,-1.222,-0.022,3.24,3.0,,87.09,86.815,
2025-03-27T23:08:28.138Z,10,GR86-022-013,13.0,-1.434,-0.056,3.0500000000000003,3.0,,90.11,89.365,
2025-03-27T23:08:28.182Z,10,GR86-022-013,11.8,-1.209,0.001,2.99,3.0,,78.545,79.185,
2025-03-27T23:08:28.271Z,10,GR86-022-013,9.9,-1.265,0.017,2.98,3.0,5722.0,59.39,60.645,144.62
2025-03-27T23:08:28.315Z,10,GR86-022-013,3.7,-0.896,-0.036,2.9,3.0,,39.37,40.025,
2025-03-27T23:08:28.404Z,10,GR86-022-013,5.0,-0.998,-0.089,2.84,3.0,,39.065,39.31,
2025-03-27T23:08:28.448Z,10,GR86-022-013,10.2,-1.264,-0.023,2.64,3.0,5061.0,56.370000000000005,57.21,139.06
2025-03-27T23:08:28.492Z,10,GR86-022-013,8.200000000000001,-1.391,0.047,2.48,3.0,,57.955,57.895,
2025-03-27T23:08:28.536Z,10,GR86-022-013,7.2,-1.084,-0.01,2.43,3.0,,54.08,54.385,
2025-03-27T23:08:28.582Z,10,GR86-022-013,6.6000000000000005,-1.151,-0.03,2.39,3.0,,50.525,51.15,
2025-03-27T23:08:28.626Z,10,GR86-022-013,6.6000000000000005,-0.997,-0.039,2.39,3.0,,48.42,49.015,
2025-03-27T23:08:28.671Z,10,GR86-022-013,4.7,-1.04,-0.039,54.84,2.0,5478.0,47.64,48.175,126.1
2025-03-27T23:08:28.715Z,10,GR86-022-013,1.5,-1.131,-0.079,16.240000000000002,2.0,,48.42,49.015,
2025-03-27T23:08:28.760Z,10,GR86-022-013,-2.7,-1.206,0.0,4.18,2.0,,51.9,52.77,
2025-03-27T23:08:28.805Z,10,GR86-022-013,-6.2,-1.242,-0.182,3.71,2.0,,59.485,59.865,
2025-03-27T23:08:28.850Z,10,GR86-022-013,-11.8,-1.291,-0.035,3.34,2.0,,61.115,61.45,
2025-03-27T23:08:28.895Z,10,GR86-022-013,-14.8,-0.739,-0.174,3.21,2.0,5809.0,52.22,53.03,117.94
2025-03-27T23:08:28.940Z,10,GR86-022-013,-15.1,-0.7000000000000001,-0.493,3.09,2.0,,40.96,41.14,
2025-03-27T23:08:28.984Z,10,GR86-022-013,-15.1,-1.08,-0.252,2.99,2.0,,38.685,39.095,
2025-03-27T23:08:29.028Z,10,GR86-022-013,-14.3,-1.012,-0.304,2.9,2.0,,40.47,41.08,
2025-03-27T23:08:29.072Z,10,GR86-022-013,-14.1,-1.01,-0.5730000000000001,2.76,2.0,,40.775,41.11,
2025-03-27T23:08:29.116Z,10,GR86-022-013,-17.5,-1.034,-0.437,2.68,2.0,5829.0,38.045,38.5,109.63
2025-03-27T23:08:29.161Z,10,GR86-022-013,-22.0,-0.8290000000000001,-0.609,2.62,2.0,,37.145,37.645,
2025-03-27T23:08:29.205Z,10,GR86-022-013,-26.3,-0.864,-0.712,2.58,2.0,,35.77,36.21,
2025-03-27T23:08:29.251Z,10,GR86-022-013,-28.700000000000003,-0.732,-0.842,2.5500000000000003,2.0,,28.615,28.78,
2025-03-27T23:08:29.295Z,10,GR86-022-013,-28.700000000000003,-0.675,-0.845,2.53,2.0,,25.895,26.14,
2025-03-27T23:08:29.384Z,10,GR86-022-013,-29.0,-0.6930000000000001,-0.752,2.53,2.0,5630.0,25.24,25.515,105.73
2025-03-27T23:08:29.428Z,10,GR86-022-013,-37.6,-0.633,-0.837,2.52,2.0,,24.89,25.515,
2025-03-27T23:08:29.472Z,10,GR86-022-013,-45.6,-0.687,-0.872,2.52,2.0,,24.4,24.735,
2025-03-27T23:08:29.516Z,10,GR86-022-013,-46.400000000000006,-0.601,-0.989,2.52,2.0,,24.645,24.735,
2025-03-27T23:08:29.560Z,10,GR86-022-013,-42.900000000000006,-0.551,-0.903,2.52,2.0,5392.0,22.22,22.675,100.85
2025-03-27T23:08:29.604Z,10,GR86-022-013,-37.6,-0.521,-0.858,2.52,2.0,,17.425,17.87,
2025-03-27T23:08:29.648Z,10,GR86-022-013,-35.5,-0.519,-0.941,2.51,2.0,,15.9,16.115000000000002,
2025-03-27T23:08:29.692Z,10,GR86-022-013,-36.4,-0.478,-0.88,2.49,2.0,,14.085,14.45,
2025-03-27T23:08:29.736Z,10,GR86-022-013,-36.6,-0.453,-0.934,2.5,2.0,,13.765,13.825,
2025-03-27T23:08:29.782Z,10,GR86-022-013,-33.6,-0.459,-1.037,2.49,2.0,5030.0,12.62,13.015,96.5
2025-03-27T23:08:29.826Z,10,GR86-022-013,-31.0,-0.457,-1.013,2.5,2.0,,9.4,9.72,
2025-03-27T23:08:29.871Z,10,GR86-022-013,-31.9,-0.281,-1.121,2.49,2.0,,5.3100000000000005,5.74,
2025-03-27T23:08:29.915Z,10,GR86-022-013,-35.1,-0.297,-1.17,2.5,2.0,,4.595,4.805,
2025-03-27T23:08:29.960Z,10,GR86-022-013,-39.5,-0.304,-1.093,2.49,2.0,,3.555,3.845,
2025-03-27T23:08:30.005Z,10,GR86-022-013,-41.1,-0.254,-1.241,2.49,2.0,4942.0,0.0,0.0,92.4
2025-03-27T23:08:30.050Z,10,GR86-022-013,-42.7,-0.133,-1.188,2.49,2.0,,0.0,0.0,
2025-03-27T23:08:30.095Z,10,GR86-022-013,-46.900000000000006,-0.151,-1.236,2.49,2.0,,0.0,0.0,
2025-03-27T23:08:30.140Z,10,GR86-022-013,-51.7,-0.151,-1.272,2.49,2.0,,0.0,0.0,
2025-03-27T23:08:30.184Z,10,GR86-022-013,-57.7,-0.133,-0.976,2.49,2.0,,0.0,0.0,
2025-03-27T23:08:30.228Z,10,GR86-022-013,-60.400000000000006,-0.167,-1.262,2.49,2.0,4894.0,0.0,0.0,90.14
2025-03-27T23:08:30.272Z,10,GR86-022-013,-60.0,-0.137,-1.172,2.49,2.0,,0.0,0.0,
2025-03-27T23:08:30.316Z,10,GR86-022-013,-60.0,-0.13,-1.188,2.49,2.0,,0.0,0.0,
2025-03-27T23:08:30.361Z,10,GR86-022-013,-60.0,-0.187,-1.347,2.49,2.0,,0.0,0.0,
2025-03-27T23:08:30.405Z,10,GR86-022-013,-60.0,-0.223,-1.247,2.5,2.0,,0.0,0.0,
2025-03-27T23:08:30.450Z,10,GR86-022-013,-61.2,-0.205,-1.328,2.49,2.0,4809.0,0.0,0.0,88.17
2025-03-27T23:08:30.494Z,10,GR86-022-013,-62.400000000000006,-0.12,-1.19,2.49,2.0,,0.0,0.0,
2025-03-27T23:08:30.538Z,10,GR86-022-013,-64.9,-0.113,-1.195,2.57,2.0,,0.0,0.0,
2025-03-27T23:08:30.582Z,10,GR86-022-013,-69.10000000000001,-0.122,-1.119,3.44,2.0,,0.0,0.0,
2025-03-27T23:08:30.671Z,10,GR86-022-013,-71.4,-0.178,-0.979,5.24,2.0,4634.0,0.0,0.0,85.07000000000001
2025-03-27T23:08:30.715Z,10,GR86-022-013,-71.4,-0.148,-1.084,14.9,2.0,,0.0,0.0,
2025-03-27T23:08:30.760Z,10,GR86-022-013,-71.4,-0.127,-1.152,16.88,2.0,,0.0,0.0,
2025-03-27T23:08:30.804Z,10,GR86-022-013,-71.4,-0.155,-1.207,19.61,2.0,,0.0,0.0,
2025-03-27T23:08:30.848Z,10,GR86-022-013,-71.4,-0.137,-1.231,21.44,2.0,,0.0,0.0,
2025-03-27T23:08:30.892Z,10,GR86-022-013,-65.60000000000001,-0.125,-1.273,24.08,2.0,4604.0,0.0,0.0,83.81
2025-03-27T23:08:30.936Z,10,GR86-022-013,-55.2,-0.109,-1.308,31.83,2.0,,0.0,0.0,
2025-03-27T23:08:30.982Z,10,GR86-022-013,-44.1,-0.079,-1.178,56.6,2.0,,0.0,0.0,
2025-03-27T23:08:31.026Z,10,GR86-022-013,-39.5,0.201,-1.119,96.46,2.0,,0.0,0.0,
2025-03-27T23:08:31.071Z,10,GR86-022-013,-47.5,0.327,-1.258,99.84,2.0,,0.0,0.0,
2025-03-27T23:08:31.115Z,10,GR86-022-013,-59.3,0.394,-1.043,99.86,2.0,5019.0,0.0,0.0,83.10000000000001
2025-03-27T23:08:31.160Z,10,GR86-022-013,-68.8,0.276,-1.206,99.83,2.0,,0.0,0.0,
2025-03-27T23:08:31.204Z,10,GR86-022-013,-73.8,0.262,-1.209,99.83,2.0,,0.0,0.0,
2025-03-27T23:08:31.248Z,10,GR86-022-013,-74.10000000000001,0.214,-1.196,99.82,2.0,,0.0,0.0,
2025-03-27T23:08:31.292Z,10,GR86-022-013,-72.4,0.265,-1.201,99.83,2.0,,0.0,0.0,
2025-03-27T23:08:31.336Z,10,GR86-022-013,-71.4,0.285,-1.227,99.81,2.0,4855.0,0.0,0.0,83.52
2025-03-27T23:08:31.382Z,10,GR86-022-013,-68.9,0.303,-1.062,99.82,2.0,,0.0,0.0,
2025-03-27T23:08:31.426Z,10,GR86-022-013,-67.8,0.239,-0.983,99.82,2.0,,0.0,0.0,
2025-03-27T23:08:31.471Z,10,GR86-022-013,-66.4,0.246,-0.925,99.83,2.0,,0.0,0.0,
2025-03-27T23:08:31.515Z,10,GR86-022-013,-63.6,0.291,-1.001,99.82,2.0,,0.0,0.0,
2025-03-27T23:08:31.561Z,10,GR86-022-013,-60.400000000000006,0.251,-1.05,99.82,2.0,4943.0,0.0,0.0,85.34
2025-03-27T23:08:31.605Z,10,GR86-022-013,-57.2,0.259,-1.011,99.82,2.0,,0.0,0.0,
2025-03-27T23:08:31.649Z,10,GR86-022-013,-54.6,0.302,-1.083,99.82,2.0,,0.0,0.0,
2025-03-27T23:08:31.694Z,10,GR86-022-013,-53.8,0.285,-1.099,99.82,2.0,,0.0,0.0,
2025-03-27T23:08:31.738Z,10,GR86-022-013,-52.400000000000006,0.28,-1.1,99.82,2.0,,0.0,0.0,
2025-03-27T23:08:31.782Z,10,GR86-022-013,-51.3,0.252,-1.117,99.82,2.0,5187.0,0.0,0.0,87.09
2025-03-27T23:08:31.826Z,10,GR86-022-013,-49.8,0.254,-1.195,99.84,2.0,,0.0,0.0,
2025-03-27T23:08:31.871Z,10,GR86-022-013,-48.900000000000006,0.282,-1.124,99.83,2.0,,0.0,0.0,
2025-03-27T23:08:31.915Z,10,GR86-022-013,-49.3,0.313,-1.246,99.84,2.0,,0.0,0.0,
2025-03-27T23:08:31.959Z,10,GR86-022-013,-49.3,0.303,-1.115,99.85,2.0,,0.0,0.0,
2025-03-27T23:08:32.004Z,10,GR86-022-013,-49.400000000000006,0.286,-1.088,99.84,2.0,5235.0,0.0,0.0,89.03
2025-03-27T23:08:32.048Z,10,GR86-022-013,-49.400000000000006,0.275,-1.143,99.85,2.0,,0.0,0.0,
2025-03-27T23:08:32.092Z,10,GR86-022-013,-49.400000000000006,0.265,-1.072,99.82,2.0,,0.0,0.0,
2025-03-27T23:08:32.182Z,10,GR86-022-013,-49.400000000000006,0.291,-1.054,99.83,2.0,,0.0,0.0,
2025-03-27T23:08:32.226Z,10,GR86-022-013,-48.400000000000006,0.263,-0.983,99.84,2.0,5290.0,0.0,0.0,90.6
2025-03-27T23:08:32.271Z,10,GR86-022-013,-47.2,0.256,-0.86,99.84,2.0,,0.0,0.0,
2025-03-27T23:08:32.315Z,10,GR86-022-013,-46.1,0.283,-0.913,99.84,2.0,,0.0,0.0,
2025-03-27T23:08:32.360Z,10,GR86-022-013,-46.1,0.257,-0.894,99.84,2.0,,0.0,0.0,
2025-03-27T23:08:32.405Z,10,GR86-022-013,-46.0,0.256,-0.939,99.85,2.0,,0.0,0.0,
2025-03-27T23:08:32.451Z,10,GR86-022-013,-46.0,0.291,-1.033,99.85,2.0,5370.0,0.0,0.0,92.17
2025-03-27T23:08:32.495Z,10,GR86-022-013,-46.1,0.302,-1.107,99.83,2.0,,0.0,0.0,
2025-03-27T23:08:32.540Z,10,GR86-022-013,-45.8,0.311,-1.113,99.85,2.0,,0.0,0.0,
2025-03-27T23:08:32.584Z,10,GR86-022-013,-45.0,0.278,-1.153,99.82,2.0,,0.0,0.0,
2025-03-27T23:08:32.628Z,10,GR86-022-013,-44.3,0.31,-1.164,99.85,2.0,,0.0,0.0,
2025-03-27T23:08:32.672Z,10,GR86-022-013,-44.2,0.301,-1.109,99.86,2.0,5612.0,0.0,0.0,96.12
2025-03-27T23:08:32.716Z,10,GR86-022-013,-45.2,0.293,-1.082,99.84,2.0,,0.0,0.0,
2025-03-27T23:08:32.761Z,10,GR86-022-013,-48.2,0.286,-0.842,99.85,2.0,,0.0,0.0,
2025-03-27T23:08:32.805Z,10,GR86-022-013,-50.2,0.276,-0.995,99.84,2.0,,0.0,0.0,
2025-03-27T23:08:32.850Z,10,GR86-022-013,-50.5,0.218,-0.835,99.85,2.0,,3.845,4.0600000000000005,
2025-03-27T23:08:32.894Z,10,GR86-022-013,-48.8,0.199,-1.063,77.35000000000001,2.0,5711.0,5.22,5.22,97.43
2025-03-27T23:08:32.938Z,10,GR86-022-013,-45.5,0.265,-0.947,30.3,2.0,,7.205,7.525,
2025-03-27T23:08:32.982Z,10,GR86-022-013,-41.6,0.147,-0.948,11.51,2.0,,9.78,9.81,
2025-03-27T23:08:33.026Z,10,GR86-022-013,-37.0,0.051,-0.974,5.65,2.0,,11.155,11.705,
2025-03-27T23:08:33.071Z,10,GR86-022-013,-32.5,-0.135,-0.939,4.92,2.0,,12.74,13.275,
2025-03-27T23:08:33.115Z,10,GR86-022-013,-32.300000000000004,-0.405,-0.894,4.57,2.0,5620.0,16.495,16.525,98.75
2025-03-27T23:08:33.160Z,10,GR86-022-013,-30.1,-0.387,-0.846,3.98,2.0,,18.295,18.83,
2025-03-27T23:08:33.204Z,10,GR86-022-013,-24.5,-0.61,-0.875,3.62,2.0,,18.615,18.86,
2025-03-27T23:08:33.248Z,10,GR86-022-013,-20.5,-0.511,-0.737,3.39,2.0,,18.495,19.21,
2025-03-27T23:08:33.292Z,10,GR86-022-013,-24.0,-0.483,-0.888,3.17,2.0,,17.745,18.145,
2025-03-27T23:08:33.336Z,10,GR86-022-013,-30.9,-0.483,-0.886,3.04,2.0,5211.0,17.245,17.84,97.88
2025-03-27T23:08:33.382Z,10,GR86-022-013,-39.8,-0.384,-0.885,2.92,2.0,,17.06,17.81,
2025-03-27T23:08:33.426Z,10,GR86-022-013,-46.8,-0.394,-0.962,2.77,2.0,,17.275000000000002,18.085,
2025-03-27T23:08:33.471Z,10,GR86-022-013,-49.6,-0.462,-1.084,2.65,2.0,,18.68,19.245,
2025-03-27T23:08:33.515Z,10,GR86-022-013,-48.3,-0.468,-0.938,2.61,2.0,,18.325,18.465,
2025-03-27T23:08:33.560Z,10,GR86-022-013,-43.6,-0.6940000000000001,-1.282,2.56,2.0,4876.0,18.235,18.8,94.46
2025-03-27T23:08:33.604Z,10,GR86-022-013,-40.3,-0.365,-1.029,2.54,2.0,,15.535,15.96,
2025-03-27T23:08:33.648Z,10,GR86-022-013,-41.900000000000006,-0.489,-1.279,2.52,2.0,,13.335,14.025,
2025-03-27T23:08:33.692Z,10,GR86-022-013,-47.1,-0.348,-1.069,2.49,2.0,,10.315,10.745,
2025-03-27T23:08:33.736Z,10,GR86-022-013,-49.2,-0.414,-1.161,2.49,2.0,,10.055,10.18,
2025-03-27T23:08:33.782Z,10,GR86-022-013,-49.400000000000006,-0.456,-0.855,2.48,2.0,4828.0,9.43,9.78,90.57
2025-03-27T23:08:33.826Z,10,GR86-022-013,-49.3,-0.305,-1.183,2.46,2.0,,8.805,9.005,
2025-03-27T23:08:33.871Z,10,GR86-022-013,-53.7,-0.236,-1.025,2.46,2.0,,5.83,6.2700000000000005,
2025-03-27T23:08:33.915Z,10,GR86-022-013,-57.2,-0.252,-1.114,2.46,2.0,,3.935,4.15,
2025-03-27T23:08:33.961Z,10,GR86-022-013,-57.8,-0.29,-1.068,2.46,2.0,,3.13,3.465,
2025-03-27T23:08:34.005Z,10,GR86-022-013,-55.5,-0.283,-1.146,2.46,2.0,4792.0,0.0,0.0,87.94
2025-03-27T23:08:34.050Z,10,GR86-022-013,-48.7,-0.153,-1.076,2.46,2.0,,0.0,0.0,
2025-03-27T23:08:34.094Z,10,GR86-022-013,-43.6,-0.168,-1.062,2.46,2.0,,0.0,0.0,
2025-03-27T23:08:34.138Z,10,GR86-022-013,-38.6,-0.127,-1.049,2.46,2.0,,0.0,0.0,
2025-03-27T23:08:34.183Z,10,GR86-022-013,-37.1,-0.12,-0.934,2.46,2.0,,0.0,0.0,
2025-03-27T23:08:34.227Z,10,GR86-022-013,-39.8,-0.126,-0.984,2.46,2.0,4717.0,0.0,0.0,85.95
2025-03-27T23:08:34.271Z,10,GR86-022-013,-45.0,-0.153,-0.976,2.46,2.0,,0.0,0.0,
2025-03-27T23:08:34.315Z,10,GR86-022-013,-52.3,-0.153,-0.939,2.46,2.0,,0.0,0.0,
2025-03-27T23:08:34.360Z,10,GR86-022-013,-62.0,-0.169,-1.034,2.47,2.0,,0.0,0.0,
2025-03-27T23:08:34.404Z,10,GR86-022-013,-72.10000000000001,-0.162,-1.034,2.48,2.0,,0.0,0.0,
2025-03-27T23:08:34.448Z,10,GR86-022-013,-79.60000000000001,-0.173,-0.989,2.47,2.0,4623.0,0.0,0.0,84.42
2025-03-27T23:08:34.536Z,10,GR86-022-013,-80.30000000000001,-0.151,-1.101,2.46,2.0,,0.0,0.0,
2025-03-27T23:08:34.582Z,10,GR86-022-013,-80.2,-0.157,-1.094,2.46,2.0,,0.0,0.0,
2025-03-27T23:08:34.626Z,10,GR86-022-013,-80.2,-0.167,-1.034,2.46,2.0,,0.0,0.0,
2025-03-27T23:08:34.671Z,10,GR86-022-013,-80.2,-0.184,-1.11,2.46,2.0,4487.0,0.0,0.0,82.33
2025-03-27T23:08:34.715Z,10,GR86-022-013,-79.30000000000001,-0.163,-1.096,2.46,2.0,,0.0,0.0,
2025-03-27T23:08:34.760Z,10,GR86-022-013,-77.80000000000001,-0.141,-1.206,2.46,2.0,,0.0,0.0,
2025-03-27T23:08:34.805Z,10,GR86-022-013,-76.3,-0.151,-1.24,2.46,2.0,,0.0,0.0,
2025-03-27T23:08:34.850Z,10,GR86-022-013,-73.5,-0.21,-1.311,2.46,2.0,,0.0,0.0,
2025-03-27T23:08:34.895Z,10,GR86-022-013,-71.10000000000001,-0.179,-1.21,2.6,2.0,4370.0,0.0,0.0,81.43
2025-03-27T23:08:34.940Z,10,GR86-022-013,-68.2,-0.167,-1.27,3.85,2.0,,0.0,0.0,
2025-03-27T23:08:34.984Z,10,GR86-022-013,-63.3,-0.163,-1.192,4.12,2.0,,0.0,0.0,
2025-03-27T23:08:35.028Z,10,GR86-022-013,-57.5,-0.171,-1.188,5.87,2.0,,0.0,0.0,
2025-03-27T23:08:35.072Z,10,GR86-022-013,-52.8,-0.133,-1.353,16.71,2.0,,0.0,0.0,
2025-03-27T23:08:35.116Z,10,GR86-022-013,-54.0,-0.126,-1.361,20.18,2.0,4351.0,0.0,0.0,80.34
2025-03-27T23:08:35.161Z,10,GR86-022-013,-56.7,-0.094,-1.24,21.09,2.0,,0.0,0.0,
2025-03-27T23:08:35.205Z,10,GR86-022-013,-59.5,-0.093,-1.197,21.29,2.0,,0.0,0.0,
2025-03-27T23:08:35.251Z,10,GR86-022-013,-62.0,-0.086,-1.181,21.77,2.0,,0.0,0.0,
2025-03-27T23:08:35.295Z,10,GR86-022-013,-58.900000000000006,-0.073,-1.445,22.24,2.0,,0.0,0.0,
2025-03-27T23:08:35.340Z,10,GR86-022-013,-52.400000000000006,0.011,-1.335,23.2,2.0,4363.0,0.0,0.0,79.0
2025-03-27T23:08:35.384Z,10,GR86-022-013,-47.900000000000006,-0.073,-1.272,25.34,2.0,,0.0,0.0,
2025-03-27T23:08:35.428Z,10,GR86-022-013,-47.1,-0.001,-1.353,27.46,2.0,,0.0,0.0,
2025-03-27T23:08:35.472Z,10,GR86-022-013,-53.7,0.316,-1.181,35.82,2.0,,0.0,0.0,
2025-03-27T23:08:35.516Z,10,GR86-022-013,-60.900000000000006,0.311,-1.263,72.04,2.0,,0.0,0.0,
2025-03-27T23:08:35.560Z,10,GR86-022-013,-67.5,0.265,-1.288,99.94,2.0,4962.0,0.0,0.0,78.60000000000001
2025-03-27T23:08:35.604Z,10,GR86-022-013,-71.4,0.274,-1.258,99.86,2.0,,0.0,0.0,
2025-03-27T23:08:35.648Z,10,GR86-022-013,-73.2,0.254,-1.26,99.85,2.0,,0.0,0.0,
2025-03-27T23:08:35.736Z,10,GR86-022-013,-73.60000000000001,0.299,-1.1,99.87,2.0,,0.0,0.0,
2025-03-27T23:08:35.782Z,10,GR86-022-013,-75.4,0.302,-1.103,99.86,2.0,4603.0,0.0,0.0,78.14
2025-03-27T23:08:35.826Z,10,GR86-022-013,-76.10000000000001,0.257,-1.245,99.85,2.0,,0.0,0.0,
2025-03-27T23:08:35.871Z,10,GR86-022-013,-76.10000000000001,0.283,-1.185,99.86,2.0,,0.0,0.0,
2025-03-27T23:08:35.915Z,10,GR86-022-013,-73.9,0.272,-1.173,99.87,2.0,,0.0,0.0,
2025-03-27T23:08:35.960Z,10,GR86-022-013,-68.8,0.261,-1.087,99.85,2.0,,0.0,0.0,
2025-03-27T23:08:36.004Z,10,GR86-022-013,-64.3,0.28,-1.022,99.87,2.0,4673.0,0.0,0.0,78.92
2025-03-27T23:08:36.048Z,10,GR86-022-013,-62.8,0.271,-1.095,99.86,2.0,,0.0,0.0,
2025-03-27T23:08:36.092Z,10,GR86-022-013,-65.60000000000001,0.25,-1.079,99.89,2.0,,0.0,0.0,
2025-03-27T23:08:36.136Z,10,GR86-022-013,-67.3,0.262,-1.115,99.86,2.0,,0.0,0.0,
2025-03-27T23:08:36.227Z,10,GR86-022-013,-67.3,0.281,-1.154,99.88,2.0,4776.0,0.0,0.0,81.21000000000001
2025-03-27T23:08:36.271Z,10,GR86-022-013,-62.5,0.263,-1.146,99.86,2.0,,0.0,0.0,
2025-03-27T23:08:36.316Z,10,GR86-022-013,-57.3,0.239,-1.109,99.88,2.0,,0.0,0.0,
2025-03-27T23:08:36.361Z,10,GR86-022-013,-51.7,0.254,-1.113,99.87,2.0,,0.0,0.0,
2025-03-27T23:08:36.405Z,10,GR86-022-013,-47.8,0.311,-1.117,99.87,2.0,,0.0,0.0,
2025-03-27T23:08:36.450Z,10,GR86-022-013,-46.6,0.28,-1.01,99.86,2.0,4902.0,0.0,0.0,83.56
2025-03-27T23:08:36.494Z,10,GR86-022-013,-48.8,0.262,-0.987,99.88,2.0,,0.0,0.0,
2025-03-27T23:08:36.538Z,10,GR86-022-013,-53.400000000000006,0.284,-1.038,99.89,2.0,,0.0,0.0,
2025-03-27T23:08:36.582Z,10,GR86-022-013,-58.900000000000006,0.247,-1.012,99.89,2.0,,0.0,0.0,
2025-03-27T23:08:36.626Z,10,GR86-022-013,-62.5,0.242,-1.059,99.88,2.0,,0.0,0.0,
2025-03-27T23:08:36.671Z,10,GR86-022-013,-62.6,0.263,-1.143,99.88,2.0,5166.0,0.0,0.0,87.10000000000001
2025-03-27T23:08:36.715Z,10,GR86-022-013,-61.0,0.275,-1.126,99.88,2.0,,0.0,0.0,
2025-03-27T23:08:36.760Z,10,GR86-022-013,-59.3,0.292,-1.159,99.87,2.0,,0.0,0.0,
2025-03-27T23:08:36.804Z,10,GR86-022-013,-56.5,0.311,-1.202,99.88,2.0,,0.0,0.0,
2025-03-27T23:08:36.848Z,10,GR86-022-013,-53.900000000000006,0.261,-1.04,99.89,2.0,,0.0,0.0,
2025-03-27T23:08:36.892Z,10,GR86-022-013,-48.400000000000006,0.211,-1.195,99.86,2.0,5230.0,0.0,0.0,89.48
2025-03-27T23:08:36.936Z,10,GR86-022-013,-45.2,0.234,-1.057,99.87,2.0,,0.0,0.0,
2025-03-27T23:08:36.982Z,10,GR86-022-013,-43.400000000000006,0.257,-1.03,99.88,2.0,,0.0,0.0,
2025-03-27T23:08:37.026Z,10,GR86-022-013,-41.5,0.333,-1.112,99.88,2.0,,0.0,0.0,
2025-03-27T23:08:37.071Z,10,GR86-022-013,-39.400000000000006,0.263,-1.011,99.88,2.0,,0.0,0.0,
2025-03-27T23:08:37.115Z,10,GR86-022-013,-38.0,0.255,-1.092,99.88,2.0,5361.0,0.0,0.0,91.38
2025-03-27T23:08:37.160Z,10,GR86-022-013,-37.7,0.268,-1.035,99.88,2.0,,0.0,0.0,
2025-03-27T23:08:37.204Z,10,GR86-022-013,-37.7,0.284,-1.089,99.89,2.0,,0.0,0.0,
2025-03-27T23:08:37.248Z,10,GR86-022-013,-37.0,0.308,-1.029,99.89,2.0,,0.0,0.0,
2025-03-27T23:08:37.292Z,10,GR86-022-013,-33.1,0.299,-1.02,99.88,2.0,,0.0,0.0,
2025-03-27T23:08:37.382Z,10,GR86-022-013,-28.5,0.289,-1.001,99.87,2.0,5486.0,0.0,0.0,93.26
2025-03-27T23:08:37.426Z,10,GR86-022-013,-16.1,0.301,-0.89,99.86,2.0,,0.0,0.0,
2025-03-27T23:08:37.471Z,10,GR86-022-013,-6.9,0.338,-0.779,99.89,2.0,,0.0,0.0,
2025-03-27T23:08:37.515Z,10,GR86-022-013,-3.9,0.323,-0.681,99.89,2.0,,0.0,0.0,
2025-03-27T23:08:37.561Z,10,GR86-022-013,-2.8000000000000003,0.335,-0.609,99.88,2.0,5585.0,0.0,0.0,95.19
2025-03-27T23:08:37.605Z,10,GR86-022-013,-2.1,0.312,-0.507,99.89,2.0,,0.0,0.0,
2025-03-27T23:08:37.650Z,10,GR86-022-013,1.8,0.306,-0.375,99.88,2.0,,0.0,0.0,
2025-03-27T23:08:37.694Z,10,GR86-022-013,6.300000000000001,0.305,-0.228,99.9,2.0,,0.0,0.0,
2025-03-27T23:08:37.738Z,10,GR86-022-013,10.9,0.308,-0.132,99.89,2.0,,0.0,0.0,
2025-03-27T23:08:37.782Z,10,GR86-022-013,15.0,0.316,-0.019,99.88,2.0,5654.0,0.0,0.0,96.48
2025-03-27T23:08:37.827Z,10,GR86-022-013,18.4,0.3,0.07,99.89,2.0,,0.0,0.0,
2025-03-27T23:08:37.871Z,10,GR86-022-013,24.9,0.309,0.176,99.88,2.0,,0.0,0.0,
2025-03-27T23:08:37.960Z,10,GR86-022-013,36.0,0.286,0.357,99.9,2.0,,0.0,0.0,
2025-03-27T23:08:38.004Z,10,GR86-022-013,42.1,0.259,0.447,99.91,2.0,5783.0,0.0,0.0,98.92
2025-03-27T23:08:38.048Z,10,GR86-022-013,47.6,0.274,0.5740000000000001,99.9,2.0,,0.0,0.0,
2025-03-27T23:08:38.092Z,10,GR86-022-013,52.400000000000006,0.346,0.709,99.89,2.0,,0.0,0.0,
2025-03-27T23:08:38.136Z,10,GR86-022-013,53.400000000000006,0.313,0.737,99.88,2.0,,0.0,0.0,
2025-03-27T23:08:38.182Z,10,GR86-022-013,53.400000000000006,0.246,0.841,99.9,2.0,,0.0,0.0,
2025-03-27T23:08:38.227Z,10,GR86-022-013,53.2,0.23,0.91,99.89,2.0,5991.0,0.0,0.0,101.27
2025-03-27T23:08:38.271Z,10,GR86-022-013,51.5,0.265,0.981,99.89,2.0,,0.0,0.0,
2025-03-27T23:08:38.315Z,10,GR86-022-013,49.400000000000006,0.314,0.979,99.89,2.0,,0.0,0.0,
2025-03-27T23:08:38.360Z,10,GR86-022-013,47.6,0.341,0.979,99.88,2.0,,0.0,0.0,
2025-03-27T23:08:38.405Z,10,GR86-022-013,46.7,0.315,0.85,99.89,2.0,,0.0,0.0,
2025-03-27T23:08:38.450Z,10,GR86-022-013,45.7,0.283,0.85,99.89,2.0,6126.0,0.0,0.0,103.72
2025-03-27T23:08:38.495Z,10,GR86-022-013,44.0,0.262,0.845,99.9,2.0,,0.0,0.0,
2025-03-27T23:08:38.540Z,10,GR86-022-013,41.6,0.223,0.75,99.89,2.0,,0.0,0.0,
2025-03-27T23:08:38.584Z,10,GR86-022-013,40.400000000000006,0.268,0.894,99.93,2.0,,0.0,0.0,
2025-03-27T23:08:38.628Z,10,GR86-022-013,39.7,0.241,0.877,99.9,2.0,,0.0,0.0,
2025-03-27T23:08:38.672Z,10,GR86-022-013,39.400000000000006,0.27,1.01,99.9,2.0,6477.0,0.0,0.0,108.28
2025-03-27T23:08:38.716Z,10,GR86-022-013,39.400000000000006,0.381,0.978,99.9,2.0,,0.0,0.0,
2025-03-27T23:08:38.761Z,10,GR86-022-013,39.400000000000006,0.32,0.849,99.89,2.0,,0.0,0.0,
2025-03-27T23:08:38.805Z,10,GR86-022-013,38.0,0.237,0.994,99.89,2.0,,0.0,0.0,
2025-03-27T23:08:38.850Z,10,GR86-022-013,33.800000000000004,0.282,1.01,99.91,2.0,,0.0,0.0,
2025-03-27T23:08:38.895Z,10,GR86-022-013,32.1,0.329,1.02,99.9,2.0,6548.0,0.0,0.0,110.68
2025-03-27T23:08:38.940Z,10,GR86-022-013,32.0,0.316,1.003,99.91,2.0,,0.0,0.0,
2025-03-27T23:08:38.984Z,10,GR86-022-013,33.6,0.309,0.963,99.91,2.0,,0.0,0.0,
2025-03-27T23:08:39.028Z,10,GR86-022-013,36.3,0.305,0.952,99.92,2.0,,0.0,0.0,
2025-03-27T23:08:39.072Z,10,GR86-022-013,37.7,0.294,0.915,99.91,2.0,,0.0,0.0,
2025-03-27T23:08:39.116Z,10,GR86-022-013,37.3,0.294,0.799,99.91,2.0,6590.0,0.0,0.0,112.36
2025-03-27T23:08:39.160Z,10,GR86-022-013,36.3,0.304,0.741,99.89,2.0,,0.0,0.0,
2025-03-27T23:08:39.204Z,10,GR86-022-013,35.7,0.272,0.728,99.9,2.0,,0.0,0.0,
2025-03-27T23:08:39.248Z,10,GR86-022-013,35.7,0.262,0.661,99.91,2.0,,0.0,0.0,
2025-03-27T23:08:39.336Z,10,GR86-022-013,34.7,0.298,0.638,99.89,2.0,6707.0,0.0,0.0,114.5
2025-03-27T23:08:39.382Z,10,GR86-022-013,27.700000000000003,0.263,0.652,99.91,2.0,,0.0,0.0,
2025-03-27T23:08:39.426Z,10,GR86-022-013,24.4,0.276,0.707,99.88,2.0,,0.0,0.0,
2025-03-27T23:08:39.471Z,10,GR86-022-013,23.700000000000003,0.312,0.652,99.9,2.0,,0.0,0.0,
2025-03-27T23:08:39.515Z,10,GR86-022-013,23.9,0.304,0.64,99.9,2.0,,0.0,0.0,
2025-03-27T23:08:39.560Z,10,GR86-022-013,23.9,0.276,0.5650000000000001,99.88,2.0,6856.0,0.0,0.0,116.6
2025-03-27T23:08:39.605Z,10,GR86-022-013,24.1,0.285,0.531,99.89,2.0,,0.0,0.0,
2025-03-27T23:08:39.651Z,10,GR86-022-013,24.5,0.286,0.474,99.9,2.0,,0.0,0.0,
2025-03-27T23:08:39.695Z,10,GR86-022-013,24.6,0.283,0.465,99.9,2.0,,0.0,0.0,
2025-03-27T23:08:39.740Z,10,GR86-022-013,24.6,0.28,0.458,99.89,2.0,,0.0,0.0,
2025-03-27T23:08:39.828Z,10,GR86-022-013,24.6,0.295,0.472,99.89,2.0,6939.0,0.0,0.0,118.91
2025-03-27T23:08:39.872Z,10,GR86-022-013,25.5,0.271,0.506,99.9,2.0,,0.0,0.0,
2025-03-27T23:08:39.916Z,10,GR86-022-013,26.4,0.253,0.501,99.9,2.0,,0.0,0.0,
2025-03-27T23:08:39.961Z,10,GR86-022-013,27.200000000000003,0.273,0.516,99.9,2.0,,0.0,0.0,
2025-03-27T23:08:40.005Z,10,GR86-022-013,28.5,0.276,0.525,99.92,2.0,7051.0,0.0,0.0,121.07
2025-03-27T23:08:40.050Z,10,GR86-022-013,29.3,0.271,0.58,99.9,2.0,,0.0,0.0,
2025-03-27T23:08:40.095Z,10,GR86-022-013,29.3,0.242,0.58,99.9,2.0,,0.0,0.0,
2025-03-27T23:08:40.140Z,10,GR86-022-013,29.3,0.251,0.619,99.89,2.0,,0.0,0.0,
2025-03-27T23:08:40.230Z,10,GR86-022-013,29.3,0.09,0.653,99.88,3.0,7187.0,0.0,0.0,123.24
2025-03-27T23:08:40.275Z,10,GR86-022-013,28.6,0.478,0.588,99.89,3.0,,0.0,0.0,
2025-03-27T23:08:40.321Z,10,GR86-022-013,28.6,0.425,0.5700000000000001,99.91,3.0,,0.0,0.0,
2025-03-27T23:08:40.365Z,10,GR86-022-013,28.5,0.249,0.657,99.91,3.0,,0.0,0.0,
2025-03-27T23:08:40.411Z,10,GR86-022-013,28.6,0.124,0.5700000000000001,99.9,3.0,,0.0,0.0,
2025-03-27T23:08:40.455Z,10,GR86-022-013,28.6,0.213,0.613,99.88,3.0,6566.0,0.0,0.0,125.48
2025-03-27T23:08:40.499Z,10,GR86-022-013,28.6,0.282,0.619,99.88,3.0,,0.0,0.0,
2025-03-27T23:08:40.544Z,10,GR86-022-013,28.6,0.227,0.608,99.88,3.0,,0.0,0.0,
2025-03-27T23:08:40.588Z,10,GR86-022-013,28.9,0.202,0.641,99.89,3.0,,0.0,0.0,
2025-03-27T23:08:40.632Z,10,GR86-022-013,29.8,0.208,0.6890000000000001,99.9,3.0,,0.0,0.0,
2025-03-27T23:08:40.676Z,10,GR86-022-013,29.8,0.235,0.654,99.89,3.0,6116.0,0.0,0.0,129.08
2025-03-27T23:08:40.721Z,10,GR86-022-013,29.8,0.232,0.686,99.89,3.0,,0.0,0.0,
2025-03-27T23:08:40.765Z,10,GR86-022-013,29.8,0.222,0.717,99.88,3.0,,0.0,0.0,
2025-03-27T23:08:40.810Z,10,GR86-022-013,29.8,0.213,0.649,99.89,3.0,,0.0,0.0,
2025-03-27T23:08:40.855Z,10,GR86-022-013,29.8,0.215,0.686,99.9,3.0,,0.0,0.0,
2025-03-27T23:08:40.900Z,10,GR86-022-013,29.5,0.205,0.671,99.89,3.0,6170.0,0.0,0.0,131.19
2025-03-27T23:08:40.944Z,10,GR86-022-013,28.4,0.266,0.615,99.89,3.0,,0.0,0.0,
2025-03-27T23:08:40.988Z,10,GR86-022-013,26.5,0.221,0.623,99.9,3.0,,0.0,0.0,
2025-03-27T23:08:41.032Z,10,GR86-022-013,23.700000000000003,0.219,0.586,99.88,3.0,,0.0,0.0,
2025-03-27T23:08:41.076Z,10,GR86-022-013,23.4,0.195,0.554,99.92,3.0,,0.0,0.0,
2025-03-27T23:08:41.120Z,10,GR86-022-013,23.200000000000003,0.224,0.543,99.89,3.0,6254.0,0.0,0.0,133.1
2025-03-27T23:08:41.164Z,10,GR86-022-013,22.3,0.238,0.483,99.89,3.0,,0.0,0.0,
2025-03-27T23:08:41.208Z,10,GR86-022-013,19.200000000000003,0.236,0.475,99.88,3.0,,0.0,0.0,
2025-03-27T23:08:41.252Z,10,GR86-022-013,7.0,0.256,0.339,99.91,3.0,,0.0,0.0,
2025-03-27T23:08:41.296Z,10,GR86-022-013,0.8,0.215,0.291,99.89,3.0,,0.0,0.0,
2025-03-27T23:08:41.340Z,10,GR86-022-013,-2.0,0.227,0.142,99.89,3.0,6350.0,0.0,0.0,134.96
2025-03-27T23:08:41.384Z,10,GR86-022-013,-2.9000000000000004,0.214,0.061,99.89,3.0,,0.0,0.0,
2025-03-27T23:08:41.428Z,10,GR86-022-013,-3.6,0.214,0.054,99.89,3.0,,0.0,0.0,
2025-03-27T23:08:41.472Z,10,GR86-022-013,-6.0,0.28,-0.057,99.89,3.0,,0.0,0.0,
2025-03-27T23:08:41.516Z,10,GR86-022-013,-8.700000000000001,0.272,-0.113,99.89,3.0,,0.0,0.0,
2025-03-27T23:08:41.560Z,10,GR86-022-013,-12.5,0.234,-0.263,99.9,3.0,6489.0,0.0,0.0,136.49
2025-03-27T23:08:41.604Z,10,GR86-022-013,-16.6,0.2,-0.359,99.9,3.0,,0.0,0.0,
2025-03-27T23:08:41.648Z,10,GR86-022-013,-20.4,0.207,-0.476,99.89,3.0,,0.0,0.0,
2025-03-27T23:08:41.692Z,10,GR86-022-013,-21.700000000000003,0.206,-0.603,99.9,3.0,,0.0,0.0,
2025-03-27T23:08:41.736Z,10,GR86-022-013,-20.0,0.255,-0.559,99.88,3.0,,0.0,0.0,
2025-03-27T23:08:41.782Z,10,GR86-022-013,-14.4,0.198,-0.595,99.88,3.0,6511.0,0.0,0.0,138.61
2025-03-27T23:08:41.826Z,10,GR86-022-013,-10.7,0.203,-0.5650000000000001,99.89,3.0,,0.0,0.0,
2025-03-27T23:08:41.871Z,10,GR86-022-013,-7.9,0.212,-0.583,99.9,3.0,,0.0,0.0,
2025-03-27T23:08:41.915Z,10,GR86-022-013,-8.9,0.191,-0.647,99.89,3.0,,0.0,0.0,
2025-03-27T23:08:41.960Z,10,GR86-022-013,-12.0,0.233,-0.649,99.9,3.0,,0.0,0.0,
2025-03-27T23:08:42.005Z,10,GR86-022-013,-15.2,0.23,-0.664,99.9,3.0,6624.0,0.0,0.0,140.28
2025-03-27T23:08:42.051Z,10,GR86-022-013,-17.0,0.187,-0.6920000000000001,99.9,3.0,,0.0,0.0,
2025-03-27T23:08:42.095Z,10,GR86-022-013,-20.4,0.231,-0.676,99.89,3.0,,0.0,0.0,
2025-03-27T23:08:42.140Z,10,GR86-022-013,-22.200000000000003,0.22,-0.661,99.9,3.0,,0.0,0.0,
2025-03-27T23:08:42.184Z,10,GR86-022-013,-23.200000000000003,0.193,-0.677,99.9,3.0,,0.0,0.0,
2025-03-27T23:08:42.228Z,10,GR86-022-013,-22.700000000000003,0.174,-0.6920000000000001,99.91,3.0,6693.0,0.0,0.0,141.97
2025-03-27T23:08:42.272Z,10,GR86-022-013,-20.1,0.211,-0.746,99.89,3.0,,0.0,0.0,
2025-03-27T23:08:42.316Z,10,GR86-022-013,-19.8,0.19,-0.812,99.89,3.0,,0.0,0.0,
2025-03-27T23:08:42.361Z,10,GR86-022-013,-19.8,0.223,-0.804,99.91,3.0,,0.0,0.0,
2025-03-27T23:08:42.405Z,10,GR86-022-013,-19.8,0.189,-0.846,99.89,3.0,,0.0,0.0,
2025-03-27T23:08:42.450Z,10,GR86-022-013,-19.8,0.185,-0.8160000000000001,99.9,3.0,6800.0,0.0,0.0,143.70000000000002
2025-03-27T23:08:42.495Z,10,GR86-022-013,-19.8,0.211,-0.793,99.9,3.0,,0.0,0.0,
2025-03-27T23:08:42.540Z,10,GR86-022-013,-19.8,0.2,-0.713,99.92,3.0,,0.0,0.0,
2025-03-27T23:08:42.584Z,10,GR86-022-013,-19.8,0.199,-0.708,99.91,3.0,,0.0,0.0,
2025-03-27T23:08:42.628Z,10,GR86-022-013,-19.9,0.198,-0.786,99.9,3.0,,0.0,0.0,
2025-03-27T23:08:42.672Z,10,GR86-022-013,-20.6,0.2,-0.706,99.9,3.0,6947.0,0.0,0.0,147.02
2025-03-27T23:08:42.760Z,10,GR86-022-013,-20.6,0.146,-0.8190000000000001,99.91,3.0,,0.0,0.0,
2025-03-27T23:08:42.804Z,10,GR86-022-013,-21.1,0.253,-0.896,99.89,3.0,,0.0,0.0,
2025-03-27T23:08:42.848Z,10,GR86-022-013,-22.6,0.23,-0.834,99.91,3.0,,0.0,0.0,
2025-03-27T23:08:42.892Z,10,GR86-022-013,-23.4,0.142,-0.918,99.91,3.0,7004.0,0.0,0.0,148.61
2025-03-27T23:08:42.936Z,10,GR86-022-013,-23.1,0.172,-0.943,99.91,3.0,,0.0,0.0,
2025-03-27T23:08:42.982Z,10,GR86-022-013,-21.3,0.192,-0.996,99.91,3.0,,0.0,0.0,
2025-03-27T23:08:43.026Z,10,GR86-022-013,-18.2,0.248,-0.837,99.91,3.0,,0.0,0.0,
2025-03-27T23:08:43.071Z,10,GR86-022-013,-11.3,0.204,-0.6900000000000001,99.91,3.0,,0.0,0.0,
2025-03-27T23:08:43.115Z,10,GR86-022-013,-8.4,0.168,-0.738,99.91,3.0,7053.0,0.0,0.0,150.48
2025-03-27T23:08:43.160Z,10,GR86-022-013,-7.800000000000001,0.187,-0.788,99.9,3.0,,0.0,0.0,
2025-03-27T23:08:43.205Z,10,GR86-022-013,-5.6000000000000005,0.224,-0.62,99.91,3.0,,0.0,0.0,
2025-03-27T23:08:43.251Z,10,GR86-022-013,3.4000000000000004,0.291,-0.425,99.9,3.0,,0.0,0.0,
2025-03-27T23:08:43.295Z,10,GR86-022-013,6.4,0.132,-0.419,99.91,3.0,,0.0,0.0,
2025-03-27T23:08:43.340Z,10,GR86-022-013,6.4,0.214,-0.377,99.89,3.0,7134.0,0.0,0.0,151.8
2025-03-27T23:08:43.384Z,10,GR86-022-013,8.700000000000001,0.169,-0.518,99.91,3.0,,0.0,0.0,
2025-03-27T23:08:43.428Z,10,GR86-022-013,14.7,0.199,-0.366,99.91,3.0,,0.0,0.0,
2025-03-27T23:08:43.472Z,10,GR86-022-013,29.5,0.245,-0.037,99.91,3.0,,0.0,0.0,
2025-03-27T23:08:43.516Z,10,GR86-022-013,36.7,0.148,0.192,99.91,3.0,,0.0,0.0,
2025-03-27T23:08:43.561Z,10,GR86-022-013,36.8,0.162,0.385,99.88,3.0,7203.0,0.0,0.0,152.71
2025-03-27T23:08:43.605Z,10,GR86-022-013,33.7,-0.14,0.47,99.91,4.0,,0.0,0.0,
2025-03-27T23:08:43.650Z,10,GR86-022-013,32.300000000000004,0.471,0.671,99.91,4.0,,0.0,0.0,
2025-03-27T23:08:43.694Z,10,GR86-022-013,34.0,0.224,0.775,99.91,4.0,,0.0,0.0,
2025-03-27T23:08:43.738Z,10,GR86-022-013,34.6,0.169,0.896,99.9,4.0,,0.0,0.0,
2025-03-27T23:08:43.783Z,10,GR86-022-013,34.9,0.028,0.949,99.88,4.0,6628.0,0.0,0.0,155.24
2025-03-27T23:08:43.827Z,10,GR86-022-013,36.1,0.158,0.872,99.91,4.0,,0.0,0.0,
2025-03-27T23:08:43.871Z,10,GR86-022-013,37.6,0.183,0.947,99.91,4.0,,0.0,0.0,
2025-03-27T23:08:43.915Z,10,GR86-022-013,41.900000000000006,0.124,0.956,99.91,4.0,,0.0,0.0,
2025-03-27T23:08:43.960Z,10,GR86-022-013,46.7,0.121,1.015,99.92,4.0,,0.0,0.0,
2025-03-27T23:08:44.004Z,10,GR86-022-013,50.5,0.155,1.059,99.9,4.0,6254.0,0.0,0.0,156.55
2025-03-27T23:08:44.048Z,10,GR86-022-013,51.900000000000006,0.145,1.081,97.83,4.0,,0.0,0.0,
2025-03-27T23:08:44.092Z,10,GR86-022-013,51.1,0.106,1.118,61.17,4.0,,0.0,0.0,
2025-03-27T23:08:44.136Z,10,GR86-022-013,50.900000000000006,0.132,1.11,66.31,4.0,,0.0,0.0,
2025-03-27T23:08:44.182Z,10,GR86-022-013,51.0,0.124,1.138,58.620000000000005,4.0,,0.0,0.0,
2025-03-27T23:08:44.226Z,10,GR86-022-013,51.3,0.123,1.219,55.2,4.0,6252.0,0.0,0.0,157.53
2025-03-27T23:08:44.271Z,10,GR86-022-013,51.3,0.112,1.17,47.97,4.0,,0.0,0.0,
2025-03-27T23:08:44.315Z,10,GR86-022-013,51.3,0.143,1.142,46.61,4.0,,0.0,0.0,
2025-03-27T23:08:44.360Z,10,GR86-022-013,51.1,0.104,1.157,46.73,4.0,,0.0,0.0,
2025-03-27T23:08:44.405Z,10,GR86-022-013,50.6,0.135,1.176,46.43,4.0,,0.0,0.0,
2025-03-27T23:08:44.450Z,10,GR86-022-013,48.1,0.093,1.229,45.47,4.0,6308.0,0.0,0.0,158.21
2025-03-27T23:08:44.495Z,10,GR86-022-013,45.6,0.105,1.242,45.12,4.0,,0.0,0.0,
2025-03-27T23:08:44.540Z,10,GR86-022-013,42.6,0.145,1.183,45.48,4.0,,0.0,0.0,
2025-03-27T23:08:44.584Z,10,GR86-022-013,39.900000000000006,0.115,1.164,47.08,4.0,,0.0,0.0,
2025-03-27T23:08:44.628Z,10,GR86-022-013,36.1,0.107,1.106,54.19,4.0,,0.0,0.0,
2025-03-27T23:08:44.672Z,10,GR86-022-013,28.8,0.118,1.19,97.9,4.0,6405.0,0.0,0.0,159.06
2025-03-27T23:08:44.716Z,10,GR86-022-013,24.9,0.138,1.151,99.79,4.0,,0.0,0.0,
2025-03-27T23:08:44.761Z,10,GR86-022-013,20.5,0.149,1.185,99.86,4.0,,0.0,0.0,
2025-03-27T23:08:44.805Z,10,GR86-022-013,16.900000000000002,0.157,1.186,99.85,4.0,,0.0,0.0,
2025-03-27T23:08:44.850Z,10,GR86-022-013,17.5,0.166,1.073,99.86,4.0,,0.0,0.0,
2025-03-27T23:08:44.894Z,10,GR86-022-013,18.7,0.099,1.09,99.85,4.0,6515.0,0.0,0.0,159.58
2025-03-27T23:08:44.938Z,10,GR86-022-013,20.0,0.152,1.242,99.86,4.0,,0.0,0.0,
2025-03-27T23:08:44.982Z,10,GR86-022-013,26.3,0.227,1.376,99.88,4.0,,0.0,0.0,
2025-03-27T23:08:45.026Z,10,GR86-022-013,36.5,0.222,1.3,99.88,4.0,,0.0,0.0,
2025-03-27T23:08:45.071Z,10,GR86-022-013,54.3,0.093,1.203,99.86,4.0,,0.0,0.0,
2025-03-27T23:08:45.115Z,10,GR86-022-013,62.1,0.088,1.038,99.87,4.0,6423.0,0.0,0.0,160.34
2025-03-27T23:08:45.160Z,10,GR86-022-013,65.8,0.107,1.057,99.88,4.0,,0.0,0.0,
2025-03-27T23:08:45.204Z,10,GR86-022-013,66.7,0.156,1.262,99.86,4.0,,0.0,0.0,
2025-03-27T23:08:45.248Z,10,GR86-022-013,66.7,0.184,1.365,99.89,4.0,,0.0,0.0,
2025-03-27T23:08:45.292Z,10,GR86-022-013,66.3,0.074,1.253,99.87,4.0,,0.0,0.0,
2025-03-27T23:08:45.336Z,10,GR86-022-013,66.3,0.033,1.112,99.85,4.0,6483.0,0.0,0.0,160.42000000000002
2025-03-27T23:08:45.382Z,10,GR86-022-013,66.3,0.037,0.971,99.86,4.0,,0.0,0.0,
2025-03-27T23:08:45.426Z,10,GR86-022-013,66.3,0.111,1.011,99.86,4.0,,0.0,0.0,
2025-03-27T23:08:45.515Z,10,GR86-022-013,65.7,0.17,1.167,99.86,4.0,,0.0,0.0,
2025-03-27T23:08:45.560Z,10,GR86-022-013,60.8,0.065,1.341,99.86,4.0,6621.0,0.0,0.0,161.4
2025-03-27T23:08:45.605Z,10,GR86-022-013,57.5,0.064,1.172,99.87,4.0,,0.0,0.0,
2025-03-27T23:08:45.650Z,10,GR86-022-013,51.0,0.11,1.137,99.87,4.0,,0.0,0.0,
2025-03-27T23:08:45.694Z,10,GR86-022-013,45.5,0.075,1.414,99.88,4.0,,0.0,0.0,
2025-03-27T23:08:45.738Z,10,GR86-022-013,41.7,0.204,1.438,99.86,4.0,,0.0,0.0,
2025-03-27T23:08:45.782Z,10,GR86-022-013,40.5,0.154,1.384,99.87,4.0,6545.0,0.0,0.0,162.61
2025-03-27T23:08:45.826Z,10,GR86-022-013,40.5,0.078,1.207,99.87,4.0,,0.0,0.0,
2025-03-27T23:08:45.871Z,10,GR86-022-013,39.7,0.118,1.077,99.87,4.0,,0.0,0.0,
2025-03-27T23:08:45.915Z,10,GR86-022-013,35.1,0.146,1.072,99.87,4.0,,0.0,0.0,
2025-03-27T23:08:45.961Z,10,GR86-022-013,27.1,0.142,1.097,99.87,4.0,,0.0,0.0,
2025-03-27T23:08:46.005Z,10,GR86-022-013,15.2,0.136,1.036,99.86,4.0,6549.0,0.0,0.0,164.03
2025-03-27T23:08:46.050Z,10,GR86-022-013,-2.9000000000000004,0.162,0.901,99.86,4.0,,0.0,0.0,
2025-03-27T23:08:46.094Z,10,GR86-022-013,-5.7,0.146,0.7020000000000001,99.89,4.0,,0.0,0.0,
2025-03-27T23:08:46.138Z,10,GR86-022-013,-1.3,0.156,0.705,99.88,4.0,,0.0,0.0,
2025-03-27T23:08:46.182Z,10,GR86-022-013,1.6,0.182,0.744,99.85,4.0,,0.0,0.0,
2025-03-27T23:08:46.227Z,10,GR86-022-013,-2.7,0.171,0.647,99.87,4.0,6586.0,0.0,0.0,164.52
2025-03-27T23:08:46.271Z,10,GR86-022-013,-10.0,0.169,0.373,99.86,4.0,,0.0,0.0,
2025-03-27T23:08:46.315Z,10,GR86-022-013,-14.3,0.163,0.133,99.88,4.0,,0.0,0.0,
2025-03-27T23:08:46.360Z,10,GR86-022-013,-19.6,0.15,-0.144,99.88,4.0,,0.0,0.0,
2025-03-27T23:08:46.404Z,10,GR86-022-013,-23.200000000000003,0.135,-0.383,99.87,4.0,,0.0,0.0,
2025-03-27T23:08:46.448Z,10,GR86-022-013,-23.6,0.14,-0.588,99.87,4.0,6561.0,0.0,0.0,166.11
2025-03-27T23:08:46.492Z,10,GR86-022-013,-22.0,0.144,-0.727,99.88,4.0,,0.0,0.0,
2025-03-27T23:08:46.536Z,10,GR86-022-013,-24.0,0.137,-0.763,99.89,4.0,,0.0,0.0,
2025-03-27T23:08:46.582Z,10,GR86-022-013,-32.5,0.128,-0.798,99.89,4.0,,0.0,0.0,
2025-03-27T23:08:46.626Z,10,GR86-022-013,-43.7,0.114,-0.892,99.89,4.0,,0.0,0.0,
2025-03-27T23:08:46.671Z,10,GR86-022-013,-50.6,0.109,-1.017,99.88,4.0,6691.0,0.0,0.0,168.96
2025-03-27T23:08:46.715Z,10,GR86-022-013,-47.900000000000006,0.113,-1.063,99.87,4.0,,0.0,0.0,
2025-03-27T23:08:46.760Z,10,GR86-022-013,-43.900000000000006,0.079,-1.22,99.87,4.0,,0.0,0.0,
2025-03-27T23:08:46.805Z,10,GR86-022-013,-41.7,0.109,-1.325,99.88,4.0,,0.0,0.0,
2025-03-27T23:08:46.851Z,10,GR86-022-013,-36.9,0.138,-1.415,99.87,4.0,,0.0,0.0,
2025-03-27T23:08:46.895Z,10,GR86-022-013,-30.200000000000003,0.073,-1.586,99.85,4.0,6749.0,0.0,0.0,169.57
2025-03-27T23:08:46.940Z,10,GR86-022-013,-26.4,0.116,-1.396,99.86,4.0,,0.0,0.0,
2025-03-27T23:08:46.984Z,10,GR86-022-013,-26.0,0.063,-1.349,99.88,4.0,,0.0,0.0,
2025-03-27T23:08:47.028Z,10,GR86-022-013,-27.1,0.082,-1.205,99.88,4.0,,0.0,0.0,
2025-03-27T23:08:47.072Z,10,GR86-022-013,-26.6,0.103,-1.353,99.87,4.0,,0.0,0.0,
2025-03-27T23:08:47.116Z,10,GR86-022-013,-26.4,0.109,-1.309,99.88,4.0,6874.0,0.0,0.0,171.89
2025-03-27T23:08:47.161Z,10,GR86-022-013,-26.8,0.107,-1.393,99.88,4.0,,0.0,0.0,
2025-03-27T23:08:47.205Z,10,GR86-022-013,-29.0,0.094,-1.167,99.89,4.0,,0.0,0.0,
2025-03-27T23:08:47.251Z,10,GR86-022-013,-33.800000000000004,0.179,-1.413,99.88,4.0,,0.0,0.0,
2025-03-27T23:08:47.340Z,10,GR86-022-013,-34.0,0.158,-1.613,99.88,4.0,6938.0,0.0,0.0,171.64
2025-03-27T23:08:47.384Z,10,GR86-022-013,-33.800000000000004,0.067,-1.512,99.9,4.0,,0.0,0.0,
2025-03-27T23:08:47.428Z,10,GR86-022-013,-33.6,0.124,-1.381,99.9,4.0,,0.0,0.0,
2025-03-27T23:08:47.472Z,10,GR86-022-013,-33.4,0.142,-1.153,99.87,4.0,,0.0,0.0,
2025-03-27T23:08:47.516Z,10,GR86-022-013,-32.7,0.083,-1.218,99.88,4.0,,0.0,0.0,
2025-03-27T23:08:47.560Z,10,GR86-022-013,-32.7,0.097,-1.231,99.89,4.0,6838.0,0.0,0.0,170.84
2025-03-27T23:08:47.604Z,10,GR86-022-013,-34.300000000000004,0.109,-1.22,99.88,4.0,,0.0,0.0,
2025-03-27T23:08:47.648Z,10,GR86-022-013,-35.4,0.109,-1.254,99.89,4.0,,0.0,0.0,
2025-03-27T23:08:47.736Z,10,GR86-022-013,-34.4,0.131,-1.221,99.89,4.0,,0.0,0.0,
2025-03-27T23:08:47.782Z,10,GR86-022-013,-31.4,0.142,-1.228,99.89,4.0,6833.0,0.0,0.0,170.84
2025-03-27T23:08:47.826Z,10,GR86-022-013,-26.3,0.134,-1.195,99.87,4.0,,0.0,0.0,
2025-03-27T23:08:47.871Z,10,GR86-022-013,-19.4,0.134,-1.173,99.88,4.0,,0.0,0.0,
2025-03-27T23:08:47.915Z,10,GR86-022-013,-16.8,0.148,-1.173,99.88,4.0,,0.0,0.0,
2025-03-27T23:08:47.960Z,10,GR86-022-013,-14.4,0.113,-1.169,99.88,4.0,,0.0,0.0,
2025-03-27T23:08:48.005Z,10,GR86-022-013,-11.9,0.157,-1.17,99.89,4.0,6849.0,0.0,0.0,171.35
2025-03-27T23:08:48.050Z,10,GR86-022-013,-8.3,0.137,-1.229,99.88,4.0,,0.0,0.0,
2025-03-27T23:08:48.094Z,10,GR86-022-013,-7.5,0.129,-1.189,99.88,4.0,,0.0,0.0,
2025-03-27T23:08:48.138Z,10,GR86-022-013,-7.7,0.133,-1.162,99.89,4.0,,0.0,0.0,
2025-03-27T23:08:48.183Z,10,GR86-022-013,-7.800000000000001,0.091,-1.168,99.89,4.0,,0.0,0.0,
2025-03-27T23:08:48.227Z,10,GR86-022-013,-6.7,0.113,-1.146,99.89,4.0,6899.0,0.0,0.0,172.03
2025-03-27T23:08:48.271Z,10,GR86-022-013,-6.7,0.195,-1.112,99.88,4.0,,0.0,0.0,
2025-03-27T23:08:48.315Z,10,GR86-022-013,-6.7,0.174,-1.139,99.89,4.0,,0.0,0.0,
2025-03-27T23:08:48.361Z,10,GR86-022-013,-6.7,0.217,-0.956,99.89,4.0,,0.0,0.0,
2025-03-27T23:08:48.405Z,10,GR86-022-013,-6.300000000000001,0.103,-0.905,99.89,4.0,,0.0,0.0,
2025-03-27T23:08:48.450Z,10,GR86-022-013,-4.1000000000000005,0.122,-0.942,99.87,4.0,6909.0,0.0,0.0,172.74
2025-03-27T23:08:48.494Z,10,GR86-022-013,-4.0,0.211,-0.94,99.89,4.0,,0.0,0.0,
2025-03-27T23:08:48.538Z,10,GR86-022-013,-4.0,0.176,-0.8300000000000001,99.9,4.0,,0.0,0.0,
2025-03-27T23:08:48.582Z,10,GR86-022-013,-3.4000000000000004,0.103,-0.705,99.91,4.0,,0.0,0.0,
2025-03-27T23:08:48.626Z,10,GR86-022-013,-2.9000000000000004,0.162,-0.719,99.89,4.0,,0.0,0.0,
2025-03-27T23:08:48.715Z,10,GR86-022-013,-3.1,0.231,-0.579,99.87,4.0,6946.0,0.0,0.0,173.9
2025-03-27T23:08:48.760Z,10,GR86-022-013,-4.800000000000001,0.049,-0.372,99.9,4.0,,0.0,0.0,
2025-03-27T23:08:48.804Z,10,GR86-022-013,-5.6000000000000005,0.107,-0.423,99.88,4.0,,0.0,0.0,
2025-03-27T23:08:48.848Z,10,GR86-022-013,-6.300000000000001,0.186,-0.429,99.87,4.0,,0.0,0.0,
2025-03-27T23:08:48.892Z,10,GR86-022-013,-6.1000000000000005,0.166,-0.537,99.89,4.0,7018.0,0.0,0.0,174.53
2025-03-27T23:08:48.936Z,10,GR86-022-013,-4.6000000000000005,0.169,-0.55,99.89,4.0,,0.0,0.0,
2025-03-27T23:08:48.982Z,10,GR86-022-013,-3.3000000000000003,0.121,-0.558,99.9,4.0,,0.0,0.0,
2025-03-27T23:08:49.026Z,10,GR86-022-013,-2.1,0.134,-0.548,99.88,4.0,,0.0,0.0,
2025-03-27T23:08:49.071Z,10,GR86-022-013,0.8,0.166,-0.498,99.88,4.0,,0.0,0.0,
2025-03-27T23:08:49.115Z,10,GR86-022-013,1.8,0.142,-0.417,99.88,4.0,6966.0,0.0,0.0,176.6
2025-03-27T23:08:49.160Z,10,GR86-022-013,1.8,0.129,-0.357,99.9,4.0,,0.0,0.0,
2025-03-27T23:08:49.205Z,10,GR86-022-013,1.8,0.131,-0.282,99.89,4.0,,0.0,0.0,
2025-03-27T23:08:49.251Z,10,GR86-022-013,1.8,0.147,-0.229,99.89,4.0,,0.0,0.0,
2025-03-27T23:08:49.295Z,10,GR86-022-013,1.8,0.145,-0.182,99.88,4.0,,0.0,0.0,
2025-03-27T23:08:49.340Z,10,GR86-022-013,1.8,0.161,-0.13,99.89,4.0,7003.0,0.0,0.0,177.99
2025-03-27T23:08:49.384Z,10,GR86-022-013,1.8,0.116,-0.116,99.88,4.0,,0.0,0.0,
2025-03-27T23:08:49.428Z,10,GR86-022-013,1.8,0.133,-0.101,99.91,4.0,,0.0,0.0,
2025-03-27T23:08:49.472Z,10,GR86-022-013,3.4000000000000004,0.165,-0.135,99.89,4.0,,0.0,0.0,
2025-03-27T23:08:49.516Z,10,GR86-022-013,4.9,0.16,-0.142,99.88,4.0,,0.0,0.0,
2025-03-27T23:08:49.561Z,10,GR86-022-013,5.6000000000000005,0.134,-0.11,99.89,4.0,7118.0,0.0,0.0,178.85
2025-03-27T23:08:49.605Z,10,GR86-022-013,5.6000000000000005,0.096,-0.096,99.89,4.0,,0.0,0.0,
2025-03-27T23:08:49.650Z,10,GR86-022-013,5.6000000000000005,0.121,-0.08,99.89,4.0,,0.0,0.0,
2025-03-27T23:08:49.695Z,10,GR86-022-013,5.6000000000000005,0.164,-0.091,99.89,4.0,,0.0,0.0,
2025-03-27T23:08:49.740Z,10,GR86-022-013,5.9,0.171,-0.106,99.91,4.0,,0.0,0.0,
2025-03-27T23:08:49.785Z,10,GR86-022-013,5.9,0.187,-0.101,99.88,4.0,7159.0,0.0,0.0,180.17
2025-03-27T23:08:49.830Z,10,GR86-022-013,5.9,0.115,-0.107,99.9,4.0,,0.0,0.0,
2025-03-27T23:08:49.875Z,10,GR86-022-013,5.9,0.13,-0.104,99.88,4.0,,0.0,0.0,
2025-03-27T23:08:49.921Z,10,GR86-022-013,5.9,0.126,-0.1,99.88,4.0,,0.0,0.0,
2025-03-27T23:08:49.965Z,10,GR86-022-013,5.9,0.141,-0.071,99.89,4.0,,0.0,0.0,
2025-03-27T23:08:50.011Z,10,GR86-022-013,5.9,0.143,-0.018,99.88,4.0,7158.0,0.0,0.0,181.72
2025-03-27T23:08:50.055Z,10,GR86-022-013,5.9,0.137,0.006,99.87,4.0,,0.0,0.0,
2025-03-27T23:08:50.099Z,10,GR86-022-013,5.9,0.143,0.002,99.9,4.0,,0.0,0.0,
2025-03-27T23:08:50.144Z,10,GR86-022-013,5.9,0.126,-0.017,99.89,4.0,,0.0,0.0,
2025-03-27T23:08:50.188Z,10,GR86-022-013,6.2,0.128,-0.006,99.89,4.0,,0.0,0.0,
2025-03-27T23:08:50.232Z,10,GR86-022-013,7.0,0.155,-0.013,99.91,4.0,7217.0,0.0,0.0,183.61
2025-03-27T23:08:50.276Z,10,GR86-022-013,7.300000000000001,0.16,0.006,99.89,4.0,,0.0,0.0,
2025-03-27T23:08:50.321Z,10,GR86-022-013,7.5,0.154,0.033,99.89,4.0,,0.0,0.0,
2025-03-27T23:08:50.365Z,10,GR86-022-013,7.7,0.153,0.016,99.88,4.0,,0.0,0.0,
2025-03-27T23:08:50.410Z,10,GR86-022-013,7.800000000000001,0.068,-0.01,99.91,4.0,,8.01,8.455,
2025-03-27T23:08:50.454Z,10,GR86-022-013,7.800000000000001,0.027,0.009,99.88,4.0,7273.0,4.6850000000000005,5.28,185.15
2025-03-27T23:08:50.498Z,10,GR86-022-013,7.800000000000001,0.025,0.05,99.86,4.0,,0.0,0.0,
2025-03-27T23:08:50.542Z,10,GR86-022-013,7.800000000000001,0.002,0.039,99.88,4.0,,0.0,0.0,
2025-03-27T23:08:50.586Z,10,GR86-022-013,7.800000000000001,0.007,0.021,99.9,4.0,,0.0,0.0,
2025-03-27T23:08:50.631Z,10,GR86-022-013,7.9,0.033,0.052,99.9,4.0,,0.0,0.0,
2025-03-27T23:08:50.675Z,10,GR86-022-013,7.9,0.047,0.065,99.88,4.0,7339.0,0.0,0.0,187.51
2025-03-27T23:08:50.720Z,10,GR86-022-013,8.0,0.029,0.035,99.89,4.0,,0.0,0.0,
2025-03-27T23:08:50.764Z,10,GR86-022-013,8.0,0.001,0.001,99.9,4.0,,0.0,0.0,
2025-03-27T23:08:50.808Z,10,GR86-022-013,8.1,-0.02,0.037,99.88,4.0,,0.0,0.0,
2025-03-27T23:08:50.852Z,10,GR86-022-013,9.9,-0.009,0.031,99.88,4.0,,0.0,0.0,
2025-03-27T23:08:50.896Z,10,GR86-022-013,11.8,-0.061,0.067,99.9,4.0,7374.0,0.0,0.0,188.07
2025-03-27T23:08:50.940Z,10,GR86-022-013,13.2,-0.033,0.091,99.92,4.0,,0.0,0.0,
2025-03-27T23:08:50.984Z,10,GR86-022-013,13.3,-0.023,0.134,99.89,4.0,,0.0,0.0,
2025-03-27T23:08:51.028Z,10,GR86-022-013,13.2,0.001,0.173,99.88,4.0,,0.0,0.0,
2025-03-27T23:08:51.072Z,10,GR86-022-013,11.7,-0.016,0.194,99.9,4.0,,0.0,0.0,
2025-03-27T23:08:51.116Z,10,GR86-022-013,10.8,-0.03,0.206,99.91,4.0,7356.0,0.0,0.0,188.19
2025-03-27T23:08:51.160Z,10,GR86-022-013,10.0,-0.047,0.203,99.9,4.0,,0.0,0.0,
2025-03-27T23:08:51.204Z,10,GR86-022-013,9.7,-0.089,0.192,99.9,4.0,,0.0,0.0,
2025-03-27T23:08:51.248Z,10,GR86-022-013,9.4,-0.074,0.176,99.89,4.0,,0.0,0.0,
2025-03-27T23:08:51.292Z,10,GR86-022-013,9.1,-0.03,0.12,99.9,4.0,,0.0,0.0,
2025-03-27T23:08:51.336Z,10,GR86-022-013,9.1,-0.012,0.129,99.91,4.0,7353.0,0.0,0.0,188.28
2025-03-27T23:08:51.382Z,10,GR86-022-013,9.1,0.0,0.114,99.89,4.0,,0.0,0.0,
2025-03-27T23:08:51.426Z,10,GR86-022-013,9.1,0.014,0.078,99.88,4.0,,0.0,0.0,
2025-03-27T23:08:51.471Z,10,GR86-022-013,9.0,-0.052,0.042,99.9,4.0,,7.0200000000000005,7.205,
2025-03-27T23:08:51.515Z,10,GR86-022-013,8.6,-0.151,0.063,99.9,4.0,,12.085,12.27,
2025-03-27T23:08:51.560Z,10,GR86-022-013,7.800000000000001,-0.326,0.046,99.89,4.0,7367.0,26.14,25.925,188.2
2025-03-27T23:08:51.605Z,10,GR86-022-013,6.6000000000000005,-0.682,0.099,80.99,4.0,,44.59,44.225,
2025-03-27T23:08:51.650Z,10,GR86-022-013,6.1000000000000005,-1.015,0.045,12.28,4.0,,59.620000000000005,59.055,
2025-03-27T23:08:51.695Z,10,GR86-022-013,7.2,-0.955,0.056,4.89,4.0,,53.775,54.74,
2025-03-27T23:08:51.740Z,10,GR86-022-013,8.6,-0.839,0.105,4.75,4.0,,44.13,45.37,
2025-03-27T23:08:51.784Z,10,GR86-022-013,9.0,-0.909,0.096,4.44,4.0,7232.0,47.84,47.9,187.22
2025-03-27T23:08:51.828Z,10,GR86-022-013,8.0,-1.358,0.034,3.94,4.0,,64.55,64.0,
2025-03-27T23:08:51.872Z,10,GR86-022-013,4.2,-1.481,0.125,3.47,4.0,,89.3,88.31,
2025-03-27T23:08:51.916Z,10,GR86-022-013,2.6,-1.625,0.048,3.23,4.0,,98.685,98.9,
2025-03-27T23:08:51.961Z,10,GR86-022-013,4.7,-1.619,0.053,3.1,4.0,,103.905,104.56,
2025-03-27T23:08:52.005Z,10,GR86-022-013,7.1000000000000005,-1.697,0.025,3.03,4.0,6809.0,105.995,106.685,181.15
2025-03-27T23:08:52.050Z,10,GR86-022-013,8.700000000000001,-1.611,0.081,2.92,4.0,,105.02,105.525,
2025-03-27T23:08:52.094Z,10,GR86-022-013,8.3,-1.449,0.079,2.81,4.0,,105.965,106.21,
2025-03-27T23:08:52.138Z,10,GR86-022-013,4.0,-1.295,0.062,19.63,4.0,,104.96,105.08,
2025-03-27T23:08:52.183Z,10,GR86-022-013,-3.4000000000000004,-1.312,0.063,56.120000000000005,3.0,,103.69,103.465,
2025-03-27T23:08:52.227Z,10,GR86-022-013,-6.300000000000001,-1.277,-0.032,7.36,3.0,5906.0,104.09,104.06,167.79
2025-03-27T23:08:52.271Z,10,GR86-022-013,1.6,-1.275,-0.129,4.07,3.0,,92.065,93.835,
2025-03-27T23:08:52.315Z,10,GR86-022-013,8.5,-1.488,-0.192,3.69,3.0,,84.45,84.92,
2025-03-27T23:08:52.404Z,10,GR86-022-013,12.0,-1.613,-0.006,3.4,3.0,,85.06,86.25,
2025-03-27T23:08:52.448Z,10,GR86-022-013,12.0,-1.546,-0.186,3.12,3.0,6116.0,96.995,97.375,153.05
2025-03-27T23:08:52.492Z,10,GR86-022-013,11.2,-1.488,0.012,2.97,3.0,,103.4,104.53,
2025-03-27T23:08:52.536Z,10,GR86-022-013,9.0,-1.352,-0.214,2.88,3.0,,101.645,102.165,
2025-03-27T23:08:52.582Z,10,GR86-022-013,7.800000000000001,-1.293,-0.085,2.81,3.0,,98.595,99.085,
2025-03-27T23:08:52.626Z,10,GR86-022-013,7.800000000000001,-1.368,-0.08,2.72,3.0,,84.145,85.015,
2025-03-27T23:08:52.671Z,10,GR86-022-013,7.7,-1.265,-0.105,59.44,3.0,6067.0,62.03,62.625,135.68
2025-03-27T23:08:52.715Z,10,GR86-022-013,6.6000000000000005,-1.178,0.013,98.48,3.0,,56.46,56.555,
2025-03-27T23:08:52.760Z,10,GR86-022-013,4.4,-1.166,0.012,96.5,2.0,,56.035,56.035,
2025-03-27T23:08:52.805Z,10,GR86-022-013,1.1,-1.21,-0.114,32.67,2.0,,54.89,54.98,
2025-03-27T23:08:52.851Z,10,GR86-022-013,-1.6,-1.177,0.104,3.06,2.0,,55.21,56.185,
2025-03-27T23:08:52.895Z,10,GR86-022-013,1.4,-1.155,-0.182,2.86,2.0,6738.0,56.370000000000005,56.75,130.86
2025-03-27T23:08:52.940Z,10,GR86-022-013,2.5,-1.364,0.056,2.77,2.0,,56.585,57.59,
2025-03-27T23:08:52.984Z,10,GR86-022-013,1.1,-1.101,-0.008,2.71,2.0,,57.025,57.53,
2025-03-27T23:08:53.072Z,10,GR86-022-013,-1.1,-1.122,-0.135,2.68,2.0,,57.120000000000005,57.47,
2025-03-27T23:08:53.116Z,10,GR86-022-013,-7.6,-1.229,-0.214,2.63,2.0,6709.0,58.125,58.31,123.82
2025-03-27T23:08:53.161Z,10,GR86-022-013,-8.0,-1.165,-0.208,2.61,2.0,,58.155,58.125,
2025-03-27T23:08:53.205Z,10,GR86-022-013,-8.1,-1.211,-0.219,2.59,2.0,,56.815,56.995000000000005,
2025-03-27T23:08:53.251Z,10,GR86-022-013,-12.5,-1.204,-0.313,2.56,2.0,,56.69,56.555,
2025-03-27T23:08:53.295Z,10,GR86-022-013,-18.4,-1.191,-0.343,2.5500000000000003,2.0,,57.09,57.120000000000005,
2025-03-27T23:08:53.340Z,10,GR86-022-013,-23.9,-1.203,-0.484,2.5500000000000003,2.0,6265.0,57.09,57.24,115.51
2025-03-27T23:08:53.384Z,10,GR86-022-013,-27.0,-1.142,-0.496,2.54,2.0,,57.5,57.53,
2025-03-27T23:08:53.428Z,10,GR86-022-013,-28.5,-1.122,-0.551,2.5500000000000003,2.0,,59.865,60.795,
2025-03-27T23:08:53.472Z,10,GR86-022-013,-29.4,-0.97,-0.6880000000000001,2.54,2.0,,59.68,59.865,
2025-03-27T23:08:53.516Z,10,GR86-022-013,-25.700000000000003,-1.015,-0.613,2.54,2.0,,57.955,58.28,
2025-03-27T23:08:53.560Z,10,GR86-022-013,-19.9,-1.014,-0.648,2.54,2.0,5770.0,57.835,58.735,108.79
2025-03-27T23:08:53.604Z,10,GR86-022-013,-17.5,-0.952,-0.67,2.5500000000000003,2.0,,54.555,55.365,
2025-03-27T23:08:53.648Z,10,GR86-022-013,-19.0,-0.947,-0.6880000000000001,5.24,2.0,,47.84,48.145,
2025-03-27T23:08:53.692Z,10,GR86-022-013,-25.9,-1.028,-0.634,68.04,1.0,,48.59,49.105,
2025-03-27T23:08:53.736Z,10,GR86-022-013,-32.7,-0.966,-0.6990000000000001,49.52,1.0,,47.64,48.45,
2025-03-27T23:08:53.826Z,10,GR86-022-013,-34.800000000000004,-1.114,-0.643,5.16,1.0,5299.0,42.15,42.575,101.92
2025-03-27T23:08:53.871Z,10,GR86-022-013,-32.800000000000004,-0.725,-0.998,3.34,1.0,,30.245,30.64,
2025-03-27T23:08:53.915Z,10,GR86-022-013,-34.300000000000004,-0.8310000000000001,-0.779,3.15,1.0,,23.24,23.485,
2025-03-27T23:08:53.960Z,10,GR86-022-013,-33.6,-0.794,-0.8270000000000001,3.04,1.0,,21.745,22.34,
2025-03-27T23:08:54.050Z,10,GR86-022-013,-31.0,-0.492,-0.914,2.93,1.0,5837.0,18.555,19.075,94.96
2025-03-27T23:08:54.095Z,10,GR86-022-013,-15.0,-0.415,-0.853,2.62,1.0,,6.03,6.3950000000000005,
2025-03-27T23:08:54.140Z,10,GR86-022-013,-17.5,-0.348,-0.908,2.56,1.0,,4.625,5.08,
2025-03-27T23:08:54.184Z,10,GR86-022-013,-26.4,-0.331,-0.94,2.52,1.0,,3.645,4.15,
2025-03-27T23:08:54.228Z,10,GR86-022-013,-37.8,-0.287,-0.954,2.49,1.0,6064.0,4.365,4.805,89.98
2025-03-27T23:08:54.316Z,10,GR86-022-013,-51.0,-0.278,-1.057,2.46,1.0,,4.655,4.9,
2025-03-27T23:08:54.361Z,10,GR86-022-013,-56.2,-0.29,-1.061,2.46,1.0,,5.28,5.615,
2025-03-27T23:08:54.405Z,10,GR86-022-013,-55.900000000000006,-0.307,-1.037,2.46,1.0,,4.6850000000000005,5.11,
2025-03-27T23:08:54.450Z,10,GR86-022-013,-59.8,-0.267,-1.04,2.46,1.0,6090.0,2.825,3.16,86.95
2025-03-27T23:08:54.494Z,10,GR86-022-013,-66.3,-0.248,-1.019,2.46,1.0,,0.0,0.0,
2025-03-27T23:08:54.538Z,10,GR86-022-013,-75.3,-0.221,-1.079,2.47,1.0,,0.0,0.0,
2025-03-27T23:08:54.582Z,10,GR86-022-013,-80.7,-0.232,-1.117,2.46,1.0,,0.0,0.0,
2025-03-27T23:08:54.626Z,10,GR86-022-013,-77.30000000000001,-0.222,-1.121,2.46,1.0,,0.0,0.0,
2025-03-27T23:08:54.715Z,10,GR86-022-013,-64.8,-0.187,-1.089,2.46,1.0,5824.0,0.0,0.0,82.81
2025-03-27T23:08:54.760Z,10,GR86-022-013,-68.2,-0.195,-1.093,2.71,1.0,,0.0,0.0,
2025-03-27T23:08:54.804Z,10,GR86-022-013,-76.10000000000001,-0.214,-1.107,2.79,1.0,,0.0,0.0,
2025-03-27T23:08:54.848Z,10,GR86-022-013,-83.30000000000001,-0.234,-1.247,2.93,1.0,,0.0,0.0,
2025-03-27T23:08:54.892Z,10,GR86-022-013,-82.9,-0.197,-1.228,4.11,1.0,5708.0,0.0,0.0,81.43
2025-03-27T23:08:54.936Z,10,GR86-022-013,-78.10000000000001,-0.158,-1.306,5.91,1.0,,0.0,0.0,
2025-03-27T23:08:54.982Z,10,GR86-022-013,-74.5,-0.201,-1.223,20.23,1.0,,0.0,0.0,
2025-03-27T23:08:55.026Z,10,GR86-022-013,-72.3,-0.26,-1.117,21.25,1.0,,0.0,0.0,
2025-03-27T23:08:55.071Z,10,GR86-022-013,-63.0,-0.296,-1.725,21.81,1.0,,0.0,0.0,
2025-03-27T23:08:55.115Z,10,GR86-022-013,-52.400000000000006,-0.114,-1.406,22.23,1.0,5594.0,0.0,0.0,80.34
2025-03-27T23:08:55.160Z,10,GR86-022-013,-41.6,-0.139,-1.139,23.79,1.0,,0.0,0.0,
2025-03-27T23:08:55.205Z,10,GR86-022-013,-36.5,0.029,-1.12,25.13,1.0,,0.0,0.0,
2025-03-27T23:08:55.251Z,10,GR86-022-013,-42.0,0.054,-0.907,23.48,1.0,,0.0,0.0,
2025-03-27T23:08:55.295Z,10,GR86-022-013,-47.900000000000006,0.088,-1.328,22.39,1.0,,0.0,0.0,
2025-03-27T23:08:55.340Z,10,GR86-022-013,-50.0,0.398,-1.022,20.55,1.0,6024.0,0.0,0.0,79.19
2025-03-27T23:08:55.384Z,10,GR86-022-013,-47.2,0.166,-1.212,21.63,1.0,,0.0,0.0,
2025-03-27T23:08:55.428Z,10,GR86-022-013,-40.400000000000006,-0.009,-0.881,22.51,1.0,,0.0,0.0,
2025-03-27T23:08:55.472Z,10,GR86-022-013,-23.5,-0.047,-1.104,21.21,1.0,,0.0,0.0,
2025-03-27T23:08:55.516Z,10,GR86-022-013,-11.3,-0.077,-0.803,20.61,1.0,,0.0,0.0,
2025-03-27T23:08:55.561Z,10,GR86-022-013,0.5,0.177,-1.176,18.36,1.0,5965.0,0.0,0.0,78.23
2025-03-27T23:08:55.605Z,10,GR86-022-013,9.9,0.586,-1.037,8.38,1.0,,0.0,0.0,
2025-03-27T23:08:55.649Z,10,GR86-022-013,24.6,0.409,-0.632,13.64,1.0,,0.0,0.0,
2025-03-27T23:08:55.694Z,10,GR86-022-013,35.300000000000004,0.077,-0.451,18.29,1.0,,0.0,0.0,
2025-03-27T23:08:55.738Z,10,GR86-022-013,46.6,-0.066,-0.079,14.5,1.0,,0.0,0.0,
2025-03-27T23:08:55.782Z,10,GR86-022-013,55.400000000000006,-0.104,0.173,15.97,1.0,5764.0,0.0,0.0,78.22
2025-03-27T23:08:55.826Z,10,GR86-022-013,61.3,-0.248,0.486,18.63,1.0,,0.0,0.0,
2025-03-27T23:08:55.871Z,10,GR86-022-013,66.8,-0.052,0.712,17.78,1.0,,0.0,0.0,
2025-03-27T23:08:55.915Z,10,GR86-022-013,70.3,-0.102,0.886,20.34,1.0,,0.0,0.0,
2025-03-27T23:08:55.960Z,10,GR86-022-013,73.4,-0.017,1.014,20.88,1.0,,0.0,0.0,
2025-03-27T23:08:56.004Z,10,GR86-022-013,76.10000000000001,0.04,1.073,21.12,1.0,5701.0,0.0,0.0,78.38
2025-03-27T23:08:56.048Z,10,GR86-022-013,82.10000000000001,0.087,1.077,20.28,1.0,,0.0,0.0,
2025-03-27T23:08:56.092Z,10,GR86-022-013,97.5,0.064,1.176,7.98,1.0,,0.0,0.0,
2025-03-27T23:08:56.182Z,10,GR86-022-013,106.7,0.044,1.2,6.66,1.0,,0.0,0.0,
2025-03-27T23:08:56.227Z,10,GR86-022-013,111.0,-0.081,1.281,4.07,1.0,5884.0,0.0,0.0,79.21000000000001
2025-03-27T23:08:56.271Z,10,GR86-022-013,109.0,-0.137,1.343,3.65,1.0,,0.0,0.0,
2025-03-27T23:08:56.315Z,10,GR86-022-013,108.3,-0.1,1.236,3.4,1.0,,0.0,0.0,
2025-03-27T23:08:56.360Z,10,GR86-022-013,107.3,-0.182,1.257,3.28,1.0,,0.0,0.0,
2025-03-27T23:08:56.404Z,10,GR86-022-013,105.0,-0.334,1.23,3.7,1.0,,0.0,0.0,
2025-03-27T23:08:56.448Z,10,GR86-022-013,98.4,-0.26,1.194,4.15,1.0,5671.0,0.0,0.0,79.41
2025-03-27T23:08:56.492Z,10,GR86-022-013,80.60000000000001,-0.124,1.189,8.53,1.0,,0.0,0.0,
2025-03-27T23:08:56.536Z,10,GR86-022-013,68.0,-0.074,0.986,13.11,1.0,,0.0,0.0,
2025-03-27T23:08:56.582Z,10,GR86-022-013,57.5,-0.132,1.001,20.71,1.0,,0.0,0.0,
2025-03-27T23:08:56.626Z,10,GR86-022-013,52.8,-0.116,0.996,20.88,1.0,,0.0,0.0,
2025-03-27T23:08:56.671Z,10,GR86-022-013,51.900000000000006,-0.134,0.916,21.92,1.0,5371.0,0.0,0.0,78.35000000000001
2025-03-27T23:08:56.715Z,10,GR86-022-013,52.1,-0.078,0.851,23.92,1.0,,0.0,0.0,
2025-03-27T23:08:56.761Z,10,GR86-022-013,52.1,-0.054,0.84,27.04,1.0,,0.0,0.0,
2025-03-27T23:08:56.805Z,10,GR86-022-013,52.1,-0.013,0.79,29.6,1.0,,0.0,0.0,
2025-03-27T23:08:56.850Z,10,GR86-022-013,52.0,0.225,0.926,31.51,1.0,,0.0,0.0,
2025-03-27T23:08:56.895Z,10,GR86-022-013,50.6,0.143,1.026,33.76,1.0,5900.0,0.0,0.0,76.37
2025-03-27T23:08:56.940Z,10,GR86-022-013,48.6,0.192,1.194,35.09,1.0,,0.0,0.0,
2025-03-27T23:08:56.985Z,10,GR86-022-013,51.3,0.27,0.996,34.980000000000004,1.0,,0.0,0.0,
2025-03-27T23:08:57.030Z,10,GR86-022-013,67.5,0.301,1.2,35.42,1.0,,0.0,0.0,
2025-03-27T23:08:57.075Z,10,GR86-022-013,79.60000000000001,0.19,1.202,37.08,1.0,,0.0,0.0,
2025-03-27T23:08:57.121Z,10,GR86-022-013,87.9,0.189,1.024,39.21,1.0,5957.0,0.0,0.0,76.43
2025-03-27T23:08:57.165Z,10,GR86-022-013,92.1,0.173,1.1,44.21,1.0,,0.0,0.0,
2025-03-27T23:08:57.211Z,10,GR86-022-013,91.7,0.154,0.944,59.76,1.0,,0.0,0.0,
2025-03-27T23:08:57.255Z,10,GR86-022-013,85.9,0.365,1.18,90.22,1.0,,0.0,0.0,
2025-03-27T23:08:57.344Z,10,GR86-022-013,67.2,0.355,1.416,99.86,1.0,6186.0,0.0,0.0,77.36
2025-03-27T23:08:57.388Z,10,GR86-022-013,78.2,0.382,1.299,99.68,1.0,,0.0,0.0,
2025-03-27T23:08:57.432Z,10,GR86-022-013,60.2,0.368,1.202,99.87,1.0,,0.0,0.0,
2025-03-27T23:08:57.476Z,10,GR86-022-013,63.3,0.398,1.06,99.87,1.0,,0.0,0.0,
2025-03-27T23:08:57.521Z,10,GR86-022-013,64.0,0.422,1.154,99.89,1.0,,0.0,0.0,
2025-03-27T23:08:57.565Z,10,GR86-022-013,64.4,0.436,1.069,99.88,1.0,6298.0,0.0,0.0,79.33
2025-03-27T23:08:57.610Z,10,GR86-022-013,69.5,0.36,1.1,99.89,1.0,,0.0,0.0,
2025-03-27T23:08:57.654Z,10,GR86-022-013,73.3,0.332,1.11,99.89,1.0,,0.0,0.0,
2025-03-27T23:08:57.698Z,10,GR86-022-013,74.2,0.323,1.145,99.9,1.0,,0.0,0.0,
2025-03-27T23:08:57.742Z,10,GR86-022-013,72.0,0.363,1.117,99.88,1.0,,0.0,0.0,
2025-03-27T23:08:57.786Z,10,GR86-022-013,66.0,0.34,1.158,99.87,1.0,6374.0,0.0,0.0,81.67
2025-03-27T23:08:57.831Z,10,GR86-022-013,56.1,0.354,1.125,99.89,1.0,,0.0,0.0,
2025-03-27T23:08:57.875Z,10,GR86-022-013,47.7,0.368,1.121,99.88,1.0,,0.0,0.0,
2025-03-27T23:08:57.920Z,10,GR86-022-013,39.900000000000006,0.379,1.107,99.88,1.0,,0.0,0.0,
2025-03-27T23:08:57.964Z,10,GR86-022-013,35.4,0.389,1.049,99.87,1.0,,0.0,0.0,
2025-03-27T23:08:58.008Z,10,GR86-022-013,33.800000000000004,0.384,1.077,99.89,1.0,6593.0,0.0,0.0,84.14
2025-03-27T23:08:58.052Z,10,GR86-022-013,39.8,0.376,1.078,99.89,1.0,,0.0,0.0,
2025-03-27T23:08:58.096Z,10,GR86-022-013,40.6,0.381,1.107,99.87,1.0,,0.0,0.0,
2025-03-27T23:08:58.185Z,10,GR86-022-013,35.9,0.366,1.081,99.88,1.0,,0.0,0.0,
2025-03-27T23:08:58.230Z,10,GR86-022-013,20.5,0.418,0.99,99.89,1.0,6788.0,0.0,0.0,86.7
2025-03-27T23:08:58.275Z,10,GR86-022-013,22.9,0.433,0.925,99.88,1.0,,0.0,0.0,
2025-03-27T23:08:58.321Z,10,GR86-022-013,26.8,0.434,0.971,99.91,1.0,,0.0,0.0,
2025-03-27T23:08:58.365Z,10,GR86-022-013,37.9,0.441,0.975,99.9,1.0,,0.0,0.0,
2025-03-27T23:08:58.411Z,10,GR86-022-013,48.400000000000006,0.403,1.012,99.89,1.0,,0.0,0.0,
2025-03-27T23:08:58.455Z,10,GR86-022-013,50.2,0.379,1.024,99.88,1.0,6960.0,0.0,0.0,88.84
2025-03-27T23:08:58.499Z,10,GR86-022-013,49.6,0.377,1.012,99.88,1.0,,0.0,0.0,
2025-03-27T23:08:58.544Z,10,GR86-022-013,49.2,0.378,0.99,99.91,1.0,,0.0,0.0,
2025-03-27T23:08:58.588Z,10,GR86-022-013,49.2,0.375,0.937,99.87,1.0,,0.0,0.0,
2025-03-27T23:08:58.632Z,10,GR86-022-013,48.8,0.364,0.879,99.9,1.0,,0.0,0.0,
2025-03-27T23:08:58.676Z,10,GR86-022-013,47.400000000000006,0.35,0.863,99.87,1.0,7153.0,0.0,0.0,92.96
2025-03-27T23:08:58.721Z,10,GR86-022-013,44.8,0.36,0.8320000000000001,99.88,1.0,,0.0,0.0,
2025-03-27T23:08:58.765Z,10,GR86-022-013,41.5,0.347,0.809,99.89,1.0,,0.0,0.0,
2025-03-27T23:08:58.810Z,10,GR86-022-013,37.7,0.365,0.753,99.88,1.0,,0.0,0.0,
2025-03-27T23:08:58.855Z,10,GR86-022-013,36.9,0.34,0.713,99.88,1.0,,0.0,0.0,
2025-03-27T23:08:58.899Z,10,GR86-022-013,36.8,0.069,0.716,99.88,2.0,7297.0,0.0,0.0,95.67
2025-03-27T23:08:58.944Z,10,GR86-022-013,36.8,0.013,0.739,99.88,2.0,,0.0,0.0,
2025-03-27T23:08:58.988Z,10,GR86-022-013,36.8,0.759,0.625,99.88,2.0,,0.0,0.0,
2025-03-27T23:08:59.032Z,10,GR86-022-013,36.8,0.555,0.707,99.88,2.0,,0.0,0.0,
2025-03-27T23:08:59.076Z,10,GR86-022-013,36.8,0.44,0.725,99.89,2.0,,0.0,0.0,
2025-03-27T23:08:59.120Z,10,GR86-022-013,36.8,0.272,0.638,99.88,2.0,5904.0,0.0,0.0,97.97
2025-03-27T23:08:59.164Z,10,GR86-022-013,36.8,0.152,0.6900000000000001,99.88,2.0,,0.0,0.0,
2025-03-27T23:08:59.208Z,10,GR86-022-013,36.6,0.229,0.73,99.88,2.0,,0.0,0.0,
2025-03-27T23:08:59.252Z,10,GR86-022-013,35.0,0.378,0.648,99.88,2.0,,0.0,0.0,
2025-03-27T23:08:59.296Z,10,GR86-022-013,33.6,0.362,0.675,99.88,2.0,,0.0,0.0,
2025-03-27T23:08:59.340Z,10,GR86-022-013,33.300000000000004,0.322,0.629,99.88,2.0,6008.0,0.0,0.0,100.88
2025-03-27T23:08:59.384Z,10,GR86-022-013,33.300000000000004,0.281,0.626,99.88,2.0,,0.0,0.0,
2025-03-27T23:08:59.428Z,10,GR86-022-013,33.1,0.257,0.637,99.88,2.0,,0.0,0.0,
2025-03-27T23:08:59.472Z,10,GR86-022-013,32.2,0.32,0.607,99.88,2.0,,0.0,0.0,
2025-03-27T23:08:59.516Z,10,GR86-022-013,29.8,0.348,0.583,99.88,2.0,,0.0,0.0,
2025-03-27T23:08:59.560Z,10,GR86-022-013,27.3,0.303,0.557,99.88,2.0,6066.0,0.0,0.0,103.22
2025-03-27T23:08:59.604Z,10,GR86-022-013,25.1,0.306,0.529,99.89,2.0,,0.0,0.0,
2025-03-27T23:08:59.648Z,10,GR86-022-013,23.0,0.289,0.475,99.87,2.0,,0.0,0.0,
2025-03-27T23:08:59.692Z,10,GR86-022-013,19.6,0.292,0.441,99.88,2.0,,0.0,0.0,
2025-03-27T23:08:59.736Z,10,GR86-022-013,17.5,0.322,0.412,99.89,2.0,,0.0,0.0,
2025-03-27T23:08:59.782Z,10,GR86-022-013,13.9,0.314,0.354,99.88,2.0,6163.0,0.0,0.0,105.47
2025-03-27T23:08:59.826Z,10,GR86-022-013,11.3,0.306,0.295,99.89,2.0,,0.0,0.0,
2025-03-27T23:08:59.871Z,10,GR86-022-013,7.5,0.31,0.227,99.88,2.0,,0.0,0.0,
2025-03-27T23:08:59.915Z,10,GR86-022-013,5.0,0.324,0.166,99.88,2.0,,0.0,0.0,
2025-03-27T23:08:59.960Z,10,GR86-022-013,2.2,0.303,0.108,99.88,2.0,,0.0,0.0,
2025-03-27T23:09:00.004Z,10,GR86-022-013,-0.7000000000000001,0.313,0.058,99.89,2.0,6283.0,0.0,0.0,107.7
2025-03-27T23:09:00.048Z,10,GR86-022-013,-4.5,0.293,-0.011,99.88,2.0,,0.0,0.0,
2025-03-27T23:09:00.092Z,10,GR86-022-013,-10.7,0.289,-0.145,99.88,2.0,,0.0,0.0,
2025-03-27T23:09:00.136Z,10,GR86-022-013,-13.7,0.317,-0.21,99.89,2.0,,0.0,0.0,
2025-03-27T23:09:00.182Z,10,GR86-022-013,-15.2,0.315,-0.282,99.89,2.0,,0.0,0.0,
2025-03-27T23:09:00.227Z,10,GR86-022-013,-15.6,0.286,-0.355,99.87,2.0,6409.0,0.0,0.0,109.97
2025-03-27T23:09:00.271Z,10,GR86-022-013,-17.0,0.285,-0.444,99.88,2.0,,0.0,0.0,
2025-03-27T23:09:00.315Z,10,GR86-022-013,-18.9,0.292,-0.462,99.89,2.0,,0.0,0.0,
2025-03-27T23:09:00.361Z,10,GR86-022-013,-20.0,0.302,-0.537,99.88,2.0,,0.0,0.0,
2025-03-27T23:09:00.405Z,10,GR86-022-013,-21.0,0.293,-0.557,99.88,2.0,,0.0,0.0,
2025-03-27T23:09:00.450Z,10,GR86-022-013,-22.5,0.286,-0.602,99.88,2.0,6545.0,0.0,0.0,112.29
2025-03-27T23:09:00.495Z,10,GR86-022-013,-23.3,0.295,-0.605,99.88,2.0,,0.0,0.0,
2025-03-27T23:09:00.540Z,10,GR86-022-013,-24.0,0.274,-0.639,99.89,2.0,,0.0,0.0,
2025-03-27T23:09:00.584Z,10,GR86-022-013,-24.1,0.3,-0.661,99.88,2.0,,0.0,0.0,
2025-03-27T23:09:00.628Z,10,GR86-022-013,-24.1,0.294,-0.6880000000000001,99.88,2.0,,0.0,0.0,
2025-03-27T23:09:00.672Z,10,GR86-022-013,-24.1,0.296,-0.712,99.9,2.0,6812.0,0.0,0.0,116.69
2025-03-27T23:09:00.716Z,10,GR86-022-013,-24.1,0.274,-0.718,99.89,2.0,,0.0,0.0,
2025-03-27T23:09:00.760Z,10,GR86-022-013,-24.3,0.293,-0.734,99.89,2.0,,0.0,0.0,
2025-03-27T23:09:00.804Z,10,GR86-022-013,-25.6,0.284,-0.718,99.9,2.0,,0.0,0.0,
2025-03-27T23:09:00.848Z,10,GR86-022-013,-28.1,0.27,-0.757,99.88,2.0,,0.0,0.0,
2025-03-27T23:09:00.892Z,10,GR86-022-013,-29.700000000000003,0.257,-0.785,99.89,2.0,6934.0,0.0,0.0,118.81
2025-03-27T23:09:00.936Z,10,GR86-022-013,-29.700000000000003,0.283,-0.756,99.89,2.0,,0.0,0.0,
2025-03-27T23:09:00.982Z,10,GR86-022-013,-29.700000000000003,0.264,-0.809,99.91,2.0,,0.0,0.0,
2025-03-27T23:09:01.026Z,10,GR86-022-013,-30.1,0.247,-0.8140000000000001,99.89,2.0,,0.0,0.0,
2025-03-27T23:09:01.071Z,10,GR86-022-013,-31.200000000000003,0.258,-0.834,99.9,2.0,,0.0,0.0,
2025-03-27T23:09:01.115Z,10,GR86-022-013,-31.1,0.265,-0.881,99.89,2.0,7066.0,0.0,0.0,120.78
2025-03-27T23:09:01.160Z,10,GR86-022-013,-31.200000000000003,0.258,-0.859,99.9,2.0,,0.0,0.0,
2025-03-27T23:09:01.205Z,10,GR86-022-013,-31.4,0.246,-0.993,99.9,2.0,,0.0,0.0,
2025-03-27T23:09:01.251Z,10,GR86-022-013,-34.800000000000004,0.259,-0.897,99.91,2.0,,0.0,0.0,
2025-03-27T23:09:01.296Z,10,GR86-022-013,-39.8,0.26,-0.901,99.89,2.0,,0.0,0.0,
2025-03-27T23:09:01.340Z,10,GR86-022-013,-41.2,0.09,-0.967,99.89,3.0,7175.0,0.0,0.0,122.67
2025-03-27T23:09:01.384Z,10,GR86-022-013,-40.7,-0.057,-0.8320000000000001,99.88,3.0,,0.0,0.0,
2025-03-27T23:09:01.428Z,10,GR86-022-013,-39.5,0.531,-0.974,99.89,3.0,,0.0,0.0,
2025-03-27T23:09:01.472Z,10,GR86-022-013,-39.5,0.365,-1.18,99.88,3.0,,0.0,0.0,
2025-03-27T23:09:01.516Z,10,GR86-022-013,-39.5,0.274,-0.945,99.88,3.0,,0.0,0.0,
2025-03-27T23:09:01.561Z,10,GR86-022-013,-39.400000000000006,0.074,-1.207,99.89,3.0,6121.0,0.0,0.0,124.18
2025-03-27T23:09:01.605Z,10,GR86-022-013,-38.8,0.156,-1.173,99.88,3.0,,0.0,0.0,
2025-03-27T23:09:01.650Z,10,GR86-022-013,-36.2,0.229,-1.182,99.88,3.0,,0.0,0.0,
2025-03-27T23:09:01.694Z,10,GR86-022-013,-32.5,0.211,-1.202,99.88,3.0,,0.0,0.0,
2025-03-27T23:09:01.738Z,10,GR86-022-013,-29.8,0.196,-1.121,99.88,3.0,,0.0,0.0,
2025-03-27T23:09:01.782Z,10,GR86-022-013,-29.6,0.203,-0.989,99.88,3.0,6036.0,0.0,0.0,126.41
2025-03-27T23:09:01.826Z,10,GR86-022-013,-30.4,0.198,-1.094,99.89,3.0,,0.0,0.0,
2025-03-27T23:09:01.871Z,10,GR86-022-013,-31.200000000000003,0.183,-1.099,99.9,3.0,,0.0,0.0,
2025-03-27T23:09:01.915Z,10,GR86-022-013,-31.5,0.207,-1.137,99.91,3.0,,0.0,0.0,
2025-03-27T23:09:01.960Z,10,GR86-022-013,-31.5,0.218,-1.145,99.91,3.0,,0.0,0.0,
2025-03-27T23:09:02.004Z,10,GR86-022-013,-32.0,0.234,-1.059,99.92,3.0,6061.0,0.0,0.0,127.23
2025-03-27T23:09:02.048Z,10,GR86-022-013,-32.6,0.191,-1.002,99.91,3.0,,0.0,0.0,
2025-03-27T23:09:02.092Z,10,GR86-022-013,-32.6,0.19,-0.931,99.89,3.0,,0.0,0.0,
2025-03-27T23:09:02.136Z,10,GR86-022-013,-32.6,0.188,-1.058,99.91,3.0,,0.0,0.0,
2025-03-27T23:09:02.182Z,10,GR86-022-013,-32.6,0.218,-0.944,99.91,3.0,,0.0,0.0,
2025-03-27T23:09:02.227Z,10,GR86-022-013,-32.6,0.204,-1.153,99.9,3.0,6085.0,0.0,0.0,128.47
2025-03-27T23:09:02.271Z,10,GR86-022-013,-32.6,0.212,-1.155,99.89,3.0,,0.0,0.0,
2025-03-27T23:09:02.315Z,10,GR86-022-013,-32.7,0.233,-1.162,99.91,3.0,,0.0,0.0,
2025-03-27T23:09:02.360Z,10,GR86-022-013,-32.7,0.199,-1.194,99.91,3.0,,0.0,0.0,
2025-03-27T23:09:02.404Z,10,GR86-022-013,-32.7,0.216,-1.054,99.91,3.0,,0.0,0.0,
2025-03-27T23:09:02.448Z,10,GR86-022-013,-32.7,0.218,-1.015,99.9,3.0,6178.0,0.0,0.0,129.44
2025-03-27T23:09:02.492Z,10,GR86-022-013,-32.7,0.189,-0.973,99.91,3.0,,0.0,0.0,
2025-03-27T23:09:02.536Z,10,GR86-022-013,-32.7,0.193,-1.018,99.9,3.0,,0.0,0.0,
2025-03-27T23:09:02.582Z,10,GR86-022-013,-32.7,0.198,-0.977,99.91,3.0,,0.0,0.0,
2025-03-27T23:09:02.626Z,10,GR86-022-013,-32.7,0.195,-1.099,99.92,3.0,,0.0,0.0,
2025-03-27T23:09:02.671Z,10,GR86-022-013,-32.7,0.197,-0.996,99.89,3.0,6266.0,0.0,0.0,132.28
2025-03-27T23:09:02.715Z,10,GR86-022-013,-32.300000000000004,0.226,-1.067,99.89,3.0,,0.0,0.0,
2025-03-27T23:09:02.761Z,10,GR86-022-013,-31.0,0.197,-1.063,99.88,3.0,,0.0,0.0,
2025-03-27T23:09:02.805Z,10,GR86-022-013,-29.3,0.197,-1.024,99.91,3.0,,0.0,0.0,
2025-03-27T23:09:02.850Z,10,GR86-022-013,-28.5,0.229,-0.966,99.89,3.0,,0.0,0.0,
2025-03-27T23:09:02.894Z,10,GR86-022-013,-28.5,0.182,-0.942,99.91,3.0,6327.0,0.0,0.0,133.76
2025-03-27T23:09:02.938Z,10,GR86-022-013,-28.5,0.199,-0.913,99.92,3.0,,0.0,0.0,
2025-03-27T23:09:02.982Z,10,GR86-022-013,-28.5,0.216,-0.973,99.92,3.0,,0.0,0.0,
2025-03-27T23:09:03.026Z,10,GR86-022-013,-28.5,0.216,-0.927,99.9,3.0,,0.0,0.0,
2025-03-27T23:09:03.071Z,10,GR86-022-013,-28.5,0.215,-0.911,99.9,3.0,,0.0,0.0,
2025-03-27T23:09:03.115Z,10,GR86-022-013,-28.5,0.195,-0.916,99.91,3.0,6396.0,0.0,0.0,134.89
2025-03-27T23:09:03.160Z,10,GR86-022-013,-28.5,0.195,-0.948,99.9,3.0,,0.0,0.0,
2025-03-27T23:09:03.204Z,10,GR86-022-013,-28.5,0.223,-1.012,99.91,3.0,,0.0,0.0,
2025-03-27T23:09:03.248Z,10,GR86-022-013,-28.5,0.203,-1.042,99.92,3.0,,0.0,0.0,
2025-03-27T23:09:03.292Z,10,GR86-022-013,-28.5,0.203,-1.059,99.91,3.0,,0.0,0.0,
2025-03-27T23:09:03.336Z,10,GR86-022-013,-27.9,0.211,-1.049,99.9,3.0,6457.0,0.0,0.0,136.13
2025-03-27T23:09:03.426Z,10,GR86-022-013,-25.1,0.21,-1.008,99.9,3.0,,0.0,0.0,
2025-03-27T23:09:03.471Z,10,GR86-022-013,-24.200000000000003,0.202,-0.9,99.92,3.0,,0.0,0.0,
2025-03-27T23:09:03.515Z,10,GR86-022-013,-24.200000000000003,0.203,-0.878,99.91,3.0,,0.0,0.0,
2025-03-27T23:09:03.560Z,10,GR86-022-013,-24.200000000000003,0.202,-0.855,99.91,3.0,6508.0,0.0,0.0,137.76
2025-03-27T23:09:03.605Z,10,GR86-022-013,-24.200000000000003,0.211,-0.854,99.92,3.0,,0.0,0.0,
2025-03-27T23:09:03.650Z,10,GR86-022-013,-24.1,0.199,-0.881,99.91,3.0,,0.0,0.0,
2025-03-27T23:09:03.694Z,10,GR86-022-013,-23.6,0.215,-0.849,99.92,3.0,,0.0,0.0,
2025-03-27T23:09:03.738Z,10,GR86-022-013,-22.9,0.224,-0.86,99.92,3.0,,0.0,0.0,
2025-03-27T23:09:03.782Z,10,GR86-022-013,-22.1,0.2,-0.887,99.91,3.0,6581.0,0.0,0.0,138.81
2025-03-27T23:09:03.826Z,10,GR86-022-013,-21.3,0.199,-0.868,99.91,3.0,,0.0,0.0,
2025-03-27T23:09:03.871Z,10,GR86-022-013,-20.1,0.196,-0.922,99.92,3.0,,0.0,0.0,
2025-03-27T23:09:03.915Z,10,GR86-022-013,-19.6,0.19,-0.925,99.92,3.0,,0.0,0.0,
2025-03-27T23:09:03.961Z,10,GR86-022-013,-19.3,0.227,-0.855,99.91,3.0,,0.0,0.0,
2025-03-27T23:09:04.005Z,10,GR86-022-013,-19.1,0.231,-0.8220000000000001,99.9,3.0,6633.0,0.0,0.0,140.14
2025-03-27T23:09:04.050Z,10,GR86-022-013,-19.1,0.226,-0.854,99.92,3.0,,0.0,0.0,
2025-03-27T23:09:04.095Z,10,GR86-022-013,-19.0,0.222,-0.804,99.92,3.0,,0.0,0.0,
2025-03-27T23:09:04.140Z,10,GR86-022-013,-19.0,0.197,-0.8160000000000001,99.92,3.0,,0.0,0.0,
2025-03-27T23:09:04.184Z,10,GR86-022-013,-19.0,0.179,-0.799,99.92,3.0,,0.0,0.0,
2025-03-27T23:09:04.228Z,10,GR86-022-013,-18.8,0.212,-0.741,99.92,3.0,6688.0,0.0,0.0,141.69
2025-03-27T23:09:04.272Z,10,GR86-022-013,-17.900000000000002,0.182,-0.786,99.9,3.0,,0.0,0.0,
2025-03-27T23:09:04.316Z,10,GR86-022-013,-16.900000000000002,0.239,-0.712,99.91,3.0,,0.0,0.0,
2025-03-27T23:09:04.360Z,10,GR86-022-013,-15.9,0.229,-0.6990000000000001,99.92,3.0,,0.0,0.0,
2025-03-27T23:09:04.404Z,10,GR86-022-013,-15.1,0.221,-0.709,99.92,3.0,,0.0,0.0,
2025-03-27T23:09:04.448Z,10,GR86-022-013,-14.9,0.176,-0.6910000000000001,99.91,3.0,6747.0,0.0,0.0,143.17000000000002
2025-03-27T23:09:04.536Z,10,GR86-022-013,-14.9,0.212,-0.647,99.92,3.0,,0.0,0.0,
2025-03-27T23:09:04.582Z,10,GR86-022-013,-14.9,0.182,-0.624,99.91,3.0,,0.0,0.0,
2025-03-27T23:09:04.626Z,10,GR86-022-013,-14.8,0.233,-0.614,99.89,3.0,,0.0,0.0,
2025-03-27T23:09:04.671Z,10,GR86-022-013,-14.7,0.197,-0.605,99.91,3.0,6861.0,0.0,0.0,146.02
2025-03-27T23:09:04.715Z,10,GR86-022-013,-14.4,0.196,-0.55,99.91,3.0,,0.0,0.0,
2025-03-27T23:09:04.760Z,10,GR86-022-013,-13.2,0.216,-0.58,99.91,3.0,,0.0,0.0,
2025-03-27T23:09:04.805Z,10,GR86-022-013,-12.0,0.223,-0.608,99.92,3.0,,0.0,0.0,
2025-03-27T23:09:04.850Z,10,GR86-022-013,-11.0,0.249,-0.661,99.93,3.0,,0.0,0.0,
2025-03-27T23:09:04.895Z,10,GR86-022-013,-10.8,0.238,-0.647,99.9,3.0,6945.0,0.0,0.0,147.39
2025-03-27T23:09:04.940Z,10,GR86-022-013,-10.8,0.17,-0.63,99.92,3.0,,0.0,0.0,
2025-03-27T23:09:04.984Z,10,GR86-022-013,-10.8,0.178,-0.62,99.91,3.0,,0.0,0.0,
2025-03-27T23:09:05.028Z,10,GR86-022-013,-10.6,0.203,-0.61,99.91,3.0,,0.0,0.0,
2025-03-27T23:09:05.072Z,10,GR86-022-013,-10.1,0.198,-0.5680000000000001,99.91,3.0,,0.0,0.0,
2025-03-27T23:09:05.116Z,10,GR86-022-013,-10.1,0.196,-0.5660000000000001,99.91,3.0,7012.0,0.0,0.0,149.04
2025-03-27T23:09:05.161Z,10,GR86-022-013,-10.0,0.239,-0.524,99.91,3.0,,0.0,0.0,
2025-03-27T23:09:05.205Z,10,GR86-022-013,-9.6,0.22,-0.484,99.91,3.0,,0.0,0.0,
2025-03-27T23:09:05.251Z,10,GR86-022-013,-9.0,0.202,-0.47,99.92,3.0,,0.0,0.0,
2025-03-27T23:09:05.295Z,10,GR86-022-013,-8.9,0.22,-0.428,99.91,3.0,,0.0,0.0,
2025-03-27T23:09:05.340Z,10,GR86-022-013,-8.700000000000001,0.203,-0.457,99.92,3.0,7057.0,0.0,0.0,150.58
2025-03-27T23:09:05.385Z,10,GR86-022-013,-7.4,0.198,-0.467,99.92,3.0,,0.0,0.0,
2025-03-27T23:09:05.430Z,10,GR86-022-013,-3.8,0.231,-0.448,99.91,3.0,,0.0,0.0,
2025-03-27T23:09:05.475Z,10,GR86-022-013,-2.1,0.199,-0.437,99.93,3.0,,0.0,0.0,
2025-03-27T23:09:05.521Z,10,GR86-022-013,-2.1,0.188,-0.4,99.91,3.0,,0.0,0.0,
2025-03-27T23:09:05.565Z,10,GR86-022-013,-2.0,0.175,-0.347,99.91,3.0,7132.0,0.0,0.0,151.9
2025-03-27T23:09:05.611Z,10,GR86-022-013,-2.0,0.171,-0.343,99.91,3.0,,0.0,0.0,
2025-03-27T23:09:05.655Z,10,GR86-022-013,-2.0,0.211,-0.327,99.92,3.0,,0.0,0.0,
2025-03-27T23:09:05.699Z,10,GR86-022-013,-1.9,0.182,-0.329,99.91,3.0,,0.0,0.0,
2025-03-27T23:09:05.788Z,10,GR86-022-013,-1.9,0.225,-0.309,99.92,3.0,7196.0,0.0,0.0,153.35
2025-03-27T23:09:05.832Z,10,GR86-022-013,-1.9,0.179,-0.254,99.91,3.0,,0.0,0.0,
2025-03-27T23:09:05.876Z,10,GR86-022-013,-1.9,0.205,-0.266,99.91,3.0,,0.0,0.0,
2025-03-27T23:09:05.921Z,10,GR86-022-013,-1.2000000000000002,0.203,-0.275,99.89,3.0,,0.0,0.0,
2025-03-27T23:09:05.965Z,10,GR86-022-013,-1.0,0.009,-0.297,99.9,4.0,,0.0,0.0,
2025-03-27T23:09:06.010Z,10,GR86-022-013,-0.9,0.491,-0.234,99.91,4.0,7259.0,0.0,0.0,154.82
2025-03-27T23:09:06.055Z,10,GR86-022-013,-0.5,0.314,-0.323,99.91,4.0,,0.0,0.0,
2025-03-27T23:09:06.100Z,10,GR86-022-013,-0.5,0.217,-0.211,99.91,4.0,,0.0,0.0,
2025-03-27T23:09:06.144Z,10,GR86-022-013,-0.3,0.043,-0.186,99.91,4.0,,0.0,0.0,
2025-03-27T23:09:06.188Z,10,GR86-022-013,0.8,0.124,-0.343,99.91,4.0,,0.0,0.0,
2025-03-27T23:09:06.232Z,10,GR86-022-013,1.9,0.245,-0.173,99.9,4.0,6368.0,0.0,0.0,156.07
2025-03-27T23:09:06.276Z,10,GR86-022-013,1.9,0.132,-0.224,99.91,4.0,,0.0,0.0,
2025-03-27T23:09:06.320Z,10,GR86-022-013,1.9,0.106,-0.203,99.91,4.0,,0.0,0.0,
2025-03-27T23:09:06.364Z,10,GR86-022-013,2.0,0.157,-0.112,99.91,4.0,,0.0,0.0,
2025-03-27T23:09:06.408Z,10,GR86-022-013,3.1,0.172,-0.169,99.89,4.0,,0.0,0.0,
2025-03-27T23:09:06.452Z,10,GR86-022-013,3.4000000000000004,0.148,-0.142,99.91,4.0,6176.0,0.0,0.0,157.38
2025-03-27T23:09:06.496Z,10,GR86-022-013,3.4000000000000004,0.118,-0.124,99.91,4.0,,0.0,0.0,
2025-03-27T23:09:06.540Z,10,GR86-022-013,3.4000000000000004,0.138,-0.12,99.91,4.0,,0.0,0.0,
2025-03-27T23:09:06.584Z,10,GR86-022-013,3.6,0.201,-0.101,99.91,4.0,,0.0,0.0,
2025-03-27T23:09:06.628Z,10,GR86-022-013,3.8,0.162,-0.09,99.91,4.0,,0.0,0.0,
2025-03-27T23:09:06.672Z,10,GR86-022-013,4.2,0.128,-0.097,99.93,4.0,6278.0,0.0,0.0,159.77
2025-03-27T23:09:06.716Z,10,GR86-022-013,4.7,0.151,-0.07,99.91,4.0,,0.0,0.0,
2025-03-27T23:09:06.760Z,10,GR86-022-013,5.1000000000000005,0.187,-0.048,99.91,4.0,,0.0,0.0,
2025-03-27T23:09:06.804Z,10,GR86-022-013,5.5,0.193,-0.06,99.91,4.0,,0.0,0.0,
2025-03-27T23:09:06.848Z,10,GR86-022-013,5.7,0.184,-0.055,99.92,4.0,,0.0,0.0,
2025-03-27T23:09:06.892Z,10,GR86-022-013,5.7,0.159,-0.048,99.92,4.0,6333.0,0.0,0.0,161.0
2025-03-27T23:09:06.936Z,10,GR86-022-013,5.7,0.156,-0.049,99.91,4.0,,0.0,0.0,
2025-03-27T23:09:06.982Z,10,GR86-022-013,5.7,0.188,-0.054,99.91,4.0,,0.0,0.0,
2025-03-27T23:09:07.026Z,10,GR86-022-013,5.7,0.208,-0.054,99.92,4.0,,0.0,0.0,
2025-03-27T23:09:07.071Z,10,GR86-022-013,6.6000000000000005,0.142,-0.046,99.91,4.0,,0.0,0.0,
2025-03-27T23:09:07.115Z,10,GR86-022-013,7.300000000000001,0.157,-0.046,99.9,4.0,6387.0,0.0,0.0,162.25
2025-03-27T23:09:07.160Z,10,GR86-022-013,7.7,0.205,-0.009,99.91,4.0,,0.0,0.0,
2025-03-27T23:09:07.205Z,10,GR86-022-013,7.7,0.189,-0.021,99.92,4.0,,0.0,0.0,
2025-03-27T23:09:07.251Z,10,GR86-022-013,7.7,0.138,0.024,99.9,4.0,,0.0,0.0,
2025-03-27T23:09:07.295Z,10,GR86-022-013,7.7,0.156,0.013,99.93,4.0,,0.0,0.0,
2025-03-27T23:09:07.340Z,10,GR86-022-013,7.7,0.171,0.021,99.92,4.0,6424.0,0.0,0.0,163.37
2025-03-27T23:09:07.384Z,10,GR86-022-013,7.7,0.203,0.068,99.91,4.0,,0.0,0.0,
2025-03-27T23:09:07.428Z,10,GR86-022-013,7.7,0.196,0.033,99.92,4.0,,2.485,2.5500000000000003,
2025-03-27T23:09:07.472Z,10,GR86-022-013,7.9,0.127,0.057,99.92,4.0,,0.0,0.0,
2025-03-27T23:09:07.516Z,10,GR86-022-013,7.9,0.179,0.063,99.91,4.0,,0.0,0.0,
2025-03-27T23:09:07.561Z,10,GR86-022-013,8.0,0.169,0.053,99.92,4.0,6474.0,0.0,0.0,164.62
2025-03-27T23:09:07.605Z,10,GR86-022-013,8.1,0.219,0.045,99.91,4.0,,2.245,2.4250000000000003,
2025-03-27T23:09:07.650Z,10,GR86-022-013,8.200000000000001,0.131,0.041,99.92,4.0,,0.0,0.0,
2025-03-27T23:09:07.694Z,10,GR86-022-013,8.6,0.145,0.078,99.92,4.0,,0.0,0.0,
2025-03-27T23:09:07.738Z,10,GR86-022-013,9.2,0.173,0.073,99.91,4.0,,0.0,0.0,
2025-03-27T23:09:07.782Z,10,GR86-022-013,9.7,0.18,0.095,99.91,4.0,6534.0,0.0,0.0,165.73
2025-03-27T23:09:07.826Z,10,GR86-022-013,10.1,0.18,0.071,99.91,4.0,,0.0,0.0,
2025-03-27T23:09:07.871Z,10,GR86-022-013,10.1,0.132,0.121,99.91,4.0,,0.0,0.0,
2025-03-27T23:09:07.915Z,10,GR86-022-013,10.1,0.157,0.118,99.92,4.0,,0.0,0.0,
2025-03-27T23:09:07.960Z,10,GR86-022-013,10.3,0.157,0.132,99.92,4.0,,0.0,0.0,
2025-03-27T23:09:08.004Z,10,GR86-022-013,10.7,0.176,0.161,99.91,4.0,6592.0,0.0,0.0,166.82
2025-03-27T23:09:08.048Z,10,GR86-022-013,11.6,0.171,0.167,99.91,4.0,,0.0,0.0,
2025-03-27T23:09:08.092Z,10,GR86-022-013,13.4,0.122,0.205,99.92,4.0,,0.0,0.0,
2025-03-27T23:09:08.136Z,10,GR86-022-013,13.9,0.138,0.239,99.92,4.0,,0.0,0.0,
2025-03-27T23:09:08.182Z,10,GR86-022-013,13.9,0.125,0.218,99.91,4.0,,0.0,0.0,
2025-03-27T23:09:08.227Z,10,GR86-022-013,13.9,0.148,0.223,99.89,4.0,6637.0,0.0,0.0,168.09
2025-03-27T23:09:08.271Z,10,GR86-022-013,13.8,0.164,0.19,99.92,4.0,,0.0,0.0,
2025-03-27T23:09:08.315Z,10,GR86-022-013,13.3,0.171,0.18,99.91,4.0,,0.0,0.0,
2025-03-27T23:09:08.360Z,10,GR86-022-013,12.6,0.133,0.218,99.92,4.0,,0.0,0.0,
2025-03-27T23:09:08.404Z,10,GR86-022-013,11.6,0.151,0.188,99.92,4.0,,0.0,0.0,
2025-03-27T23:09:08.448Z,10,GR86-022-013,10.3,0.125,0.177,99.91,4.0,6663.0,0.0,0.0,169.69
2025-03-27T23:09:08.492Z,10,GR86-022-013,9.1,0.197,0.172,99.92,4.0,,0.0,0.0,
2025-03-27T23:09:08.536Z,10,GR86-022-013,9.2,0.216,0.211,99.92,4.0,,0.0,0.0,
2025-03-27T23:09:08.582Z,10,GR86-022-013,9.3,0.179,0.18,99.92,4.0,,0.0,0.0,
2025-03-27T23:09:08.626Z,10,GR86-022-013,9.7,0.143,0.105,99.92,4.0,,0.0,0.0,
2025-03-27T23:09:08.671Z,10,GR86-022-013,9.8,0.172,0.094,99.91,4.0,6756.0,0.0,0.0,171.91
2025-03-27T23:09:08.715Z,10,GR86-022-013,9.8,0.184,0.132,99.91,4.0,,0.0,0.0,
2025-03-27T23:09:08.761Z,10,GR86-022-013,9.4,0.153,0.141,99.89,4.0,,0.0,0.0,
2025-03-27T23:09:08.805Z,10,GR86-022-013,8.700000000000001,0.216,0.127,99.91,4.0,,0.0,0.0,
2025-03-27T23:09:08.850Z,10,GR86-022-013,7.300000000000001,0.17,0.107,99.91,4.0,,0.0,0.0,
2025-03-27T23:09:08.894Z,10,GR86-022-013,7.0,0.127,0.075,99.91,4.0,6806.0,0.0,0.0,172.71
2025-03-27T23:09:08.938Z,10,GR86-022-013,7.0,0.162,0.115,99.91,4.0,,0.0,0.0,
2025-03-27T23:09:08.982Z,10,GR86-022-013,6.7,0.153,0.095,99.92,4.0,,0.0,0.0,
2025-03-27T23:09:09.027Z,10,GR86-022-013,6.1000000000000005,0.168,0.104,99.92,4.0,,0.0,0.0,
2025-03-27T23:09:09.071Z,10,GR86-022-013,5.5,0.163,0.06,99.91,4.0,,0.0,0.0,
2025-03-27T23:09:09.115Z,10,GR86-022-013,5.0,0.145,0.033,99.92,4.0,6837.0,2.58,2.825,173.84
2025-03-27T23:09:09.159Z,10,GR86-022-013,3.9,0.142,0.006,99.91,4.0,,9.095,9.46,
2025-03-27T23:09:09.204Z,10,GR86-022-013,2.5,0.012,-0.019,99.92,4.0,,16.830000000000002,16.97,
2025-03-27T23:09:09.248Z,10,GR86-022-013,1.6,-0.244,-0.058,99.92,4.0,,25.575,25.545,
2025-03-27T23:09:09.292Z,10,GR86-022-013,1.6,-0.431,-0.071,32.25,4.0,,35.77,35.495,
2025-03-27T23:09:09.336Z,10,GR86-022-013,2.1,-0.492,-0.08,5.55,4.0,6832.0,38.41,38.35,174.94
2025-03-27T23:09:09.382Z,10,GR86-022-013,3.2,-0.592,-0.108,5.0600000000000005,4.0,,41.615,41.4,
2025-03-27T23:09:09.426Z,10,GR86-022-013,4.1000000000000005,-1.002,-0.05,4.79,4.0,,53.395,52.8,
2025-03-27T23:09:09.471Z,10,GR86-022-013,5.6000000000000005,-1.216,-0.071,4.03,4.0,,79.045,79.655,
2025-03-27T23:09:09.515Z,10,GR86-022-013,7.2,-1.236,-0.039,3.66,4.0,,96.55,98.245,
2025-03-27T23:09:09.560Z,10,GR86-022-013,7.4,-1.21,-0.053,3.37,4.0,6284.0,105.155,105.8,170.78
2025-03-27T23:09:09.605Z,10,GR86-022-013,5.800000000000001,-1.354,-0.14,3.18,4.0,,102.93,103.28,
2025-03-27T23:09:09.651Z,10,GR86-022-013,3.2,-1.285,-0.08,3.01,4.0,,86.28,87.3,
2025-03-27T23:09:09.695Z,10,GR86-022-013,4.4,-1.323,-0.109,2.94,4.0,,84.295,84.235,
2025-03-27T23:09:09.740Z,10,GR86-022-013,4.4,-1.379,-0.066,2.87,4.0,,90.83,91.745,
2025-03-27T23:09:09.784Z,10,GR86-022-013,5.5,-1.308,-0.081,2.81,4.0,6036.0,90.585,90.765,159.73
2025-03-27T23:09:09.828Z,10,GR86-022-013,7.2,-1.352,-0.083,26.07,4.0,,92.84,92.72,
2025-03-27T23:09:09.872Z,10,GR86-022-013,4.6000000000000005,-1.419,-0.04,58.5,3.0,,79.365,81.0,
2025-03-27T23:09:09.916Z,10,GR86-022-013,2.6,-1.301,-0.044,4.96,3.0,,65.235,66.49,
2025-03-27T23:09:09.961Z,10,GR86-022-013,2.4000000000000004,-1.115,0.007,3.99,3.0,,63.74,65.175,
2025-03-27T23:09:10.005Z,10,GR86-022-013,2.1,-1.343,-0.1,3.65,3.0,5615.0,59.985,60.855,151.29
2025-03-27T23:09:10.050Z,10,GR86-022-013,2.0,-1.242,-0.033,3.25,3.0,,56.4,57.025,
2025-03-27T23:09:10.095Z,10,GR86-022-013,0.9,-1.159,-0.061,3.15,3.0,,59.27,60.34,
2025-03-27T23:09:10.184Z,10,GR86-022-013,0.3,-1.086,-0.261,3.0700000000000003,3.0,,61.85,62.095,
2025-03-27T23:09:10.228Z,10,GR86-022-013,-3.2,-1.296,-0.208,2.9,3.0,6050.0,75.84,76.42,142.16
2025-03-27T23:09:10.272Z,10,GR86-022-013,-3.2,-1.349,-0.343,2.75,3.0,,80.025,80.59,
2025-03-27T23:09:10.316Z,10,GR86-022-013,-1.0,-1.146,-0.194,2.66,3.0,,78.805,79.305,
2025-03-27T23:09:10.404Z,10,GR86-022-013,4.9,-1.244,-0.301,2.62,3.0,,80.19,80.22,
2025-03-27T23:09:10.492Z,10,GR86-022-013,3.6,-1.12,-0.087,34.64,3.0,5955.0,73.43,74.345,135.94
2025-03-27T23:09:10.536Z,10,GR86-022-013,-12.7,-1.36,-0.156,4.43,2.0,,64.0,64.75,
2025-03-27T23:09:10.582Z,10,GR86-022-013,-15.0,-1.285,-0.208,3.85,2.0,,67.615,68.655,
2025-03-27T23:09:10.626Z,10,GR86-022-013,-10.7,-1.199,-0.415,3.56,2.0,,67.02,67.235,
2025-03-27T23:09:10.671Z,10,GR86-022-013,-4.800000000000001,-1.003,-0.254,3.24,2.0,5827.0,64.03,65.145,118.66
2025-03-27T23:09:10.715Z,10,GR86-022-013,-3.9,-1.064,-0.341,3.12,2.0,,56.905,57.47,
2025-03-27T23:09:10.760Z,10,GR86-022-013,-3.1,-1.172,-0.411,3.04,2.0,,50.615,51.0,
2025-03-27T23:09:10.804Z,10,GR86-022-013,-2.7,-0.988,-0.231,2.95,2.0,,49.795,50.525,
2025-03-27T23:09:10.848Z,10,GR86-022-013,-1.0,-0.909,-0.548,2.87,2.0,,49.335,49.73,
2025-03-27T23:09:10.892Z,10,GR86-022-013,-3.5,-1.124,-0.384,2.71,2.0,5908.0,48.71,48.985,112.04
2025-03-27T23:09:10.936Z,10,GR86-022-013,-9.6,-0.998,-0.388,2.62,2.0,,48.45,48.895,
2025-03-27T23:09:10.982Z,10,GR86-022-013,-15.5,-1.039,-0.58,2.58,2.0,,48.36,48.555,
2025-03-27T23:09:11.026Z,10,GR86-022-013,-19.4,-1.068,-0.475,2.57,2.0,,49.73,50.07,
2025-03-27T23:09:11.071Z,10,GR86-022-013,-19.700000000000003,-0.997,-0.62,2.54,2.0,,45.965,46.56,
2025-03-27T23:09:11.115Z,10,GR86-022-013,-20.9,-1.002,-0.557,2.54,2.0,5702.0,43.765,44.375,105.65
2025-03-27T23:09:11.161Z,10,GR86-022-013,-22.6,-0.916,-0.61,2.5500000000000003,2.0,,43.355,44.16,
2025-03-27T23:09:11.205Z,10,GR86-022-013,-22.3,-0.938,-0.68,2.54,2.0,,40.715,41.46,
2025-03-27T23:09:11.251Z,10,GR86-022-013,-18.6,-0.88,-0.622,2.53,2.0,,34.78,35.31,
2025-03-27T23:09:11.295Z,10,GR86-022-013,-17.2,-0.918,-0.655,2.54,2.0,,32.655,33.19,
2025-03-27T23:09:11.340Z,10,GR86-022-013,-17.6,-0.896,-0.609,2.53,2.0,5216.0,31.925,32.475,99.65
2025-03-27T23:09:11.384Z,10,GR86-022-013,-19.0,-0.888,-0.627,2.52,2.0,,32.535000000000004,32.93,
2025-03-27T23:09:11.428Z,10,GR86-022-013,-20.6,-0.887,-0.613,2.53,2.0,,32.75,33.28,
2025-03-27T23:09:11.472Z,10,GR86-022-013,-24.4,-0.863,-0.602,2.54,2.0,,31.895,32.475,
2025-03-27T23:09:11.516Z,10,GR86-022-013,-28.3,-0.872,-0.614,37.17,1.0,,31.895,32.105000000000004,
2025-03-27T23:09:11.560Z,10,GR86-022-013,-34.2,-0.786,-0.712,41.31,1.0,5029.0,32.625,33.055,93.39
2025-03-27T23:09:11.604Z,10,GR86-022-013,-37.6,-0.963,-0.712,5.39,1.0,,31.42,32.075,
2025-03-27T23:09:11.648Z,10,GR86-022-013,-37.9,-1.109,-0.519,4.07,1.0,,32.045,32.87,
2025-03-27T23:09:11.692Z,10,GR86-022-013,-36.9,-0.891,-0.913,3.59,1.0,,28.55,29.115,
2025-03-27T23:09:11.736Z,10,GR86-022-013,-36.7,-0.749,-0.776,3.4,1.0,,20.63,21.15,
2025-03-27T23:09:11.782Z,10,GR86-022-013,-36.7,-0.682,-0.776,3.22,1.0,5090.0,16.94,17.580000000000002,87.14
2025-03-27T23:09:11.826Z,10,GR86-022-013,-38.8,-0.47,-0.863,3.03,1.0,,14.815,15.335,
2025-03-27T23:09:11.871Z,10,GR86-022-013,-44.3,-0.518,-0.968,2.93,1.0,,12.56,12.955,
2025-03-27T23:09:11.915Z,10,GR86-022-013,-49.6,-0.514,-0.932,2.87,1.0,,12.025,12.27,
2025-03-27T23:09:11.960Z,10,GR86-022-013,-57.400000000000006,-0.441,-1.016,2.81,1.0,,12.39,13.245,
2025-03-27T23:09:12.005Z,10,GR86-022-013,-66.0,-0.48,-1.054,2.77,1.0,5576.0,13.08,13.37,81.8
2025-03-27T23:09:12.051Z,10,GR86-022-013,-74.5,-0.458,-1.075,2.69,1.0,,13.43,13.995,
2025-03-27T23:09:12.095Z,10,GR86-022-013,-76.0,-0.499,-1.071,2.64,1.0,,14.635,14.68,
2025-03-27T23:09:12.140Z,10,GR86-022-013,-76.0,-0.477,-1.066,2.59,1.0,,15.09,15.43,
2025-03-27T23:09:12.184Z,10,GR86-022-013,-75.0,-0.435,-1.139,2.54,1.0,,14.45,15.03,
2025-03-27T23:09:12.228Z,10,GR86-022-013,-73.7,-0.385,-1.119,2.49,1.0,5378.0,12.055,12.68,77.76
2025-03-27T23:09:12.272Z,10,GR86-022-013,-73.60000000000001,-0.376,-1.123,2.39,1.0,,10.15,10.65,
2025-03-27T23:09:12.316Z,10,GR86-022-013,-73.9,-0.405,-1.118,2.35,1.0,,9.25,9.81,
2025-03-27T23:09:12.361Z,10,GR86-022-013,-74.2,-0.354,-1.094,2.33,1.0,,8.975,9.4,
2025-03-27T23:09:12.405Z,10,GR86-022-013,-75.0,-0.316,-1.093,2.33,1.0,,8.85,9.095,
2025-03-27T23:09:12.450Z,10,GR86-022-013,-75.7,-0.394,-1.138,2.33,1.0,5117.0,9.63,10.115,74.38
2025-03-27T23:09:12.494Z,10,GR86-022-013,-75.7,-0.379,-1.14,2.32,1.0,,9.81,10.115,
2025-03-27T23:09:12.538Z,10,GR86-022-013,-75.7,-0.401,-1.283,2.33,1.0,,10.5,11.095,
2025-03-27T23:09:12.582Z,10,GR86-022-013,-75.7,-0.356,-1.21,2.33,1.0,,10.62,10.925,
2025-03-27T23:09:12.626Z,10,GR86-022-013,-75.7,-0.283,-1.118,2.34,1.0,,10.375,10.775,
2025-03-27T23:09:12.671Z,10,GR86-022-013,-75.4,-0.413,-1.264,2.36,1.0,4719.0,11.34,11.705,69.47
2025-03-27T23:09:12.715Z,10,GR86-022-013,-75.0,-0.388,-1.275,2.36,1.0,,9.935,10.15,
2025-03-27T23:09:12.760Z,10,GR86-022-013,-73.9,-0.336,-1.209,2.35,1.0,,5.465,5.83,
2025-03-27T23:09:12.804Z,10,GR86-022-013,-73.2,-0.105,-1.143,2.36,1.0,,0.0,0.0,
2025-03-27T23:09:12.848Z,10,GR86-022-013,-73.2,-0.19,-1.299,2.36,1.0,,0.0,0.0,
2025-03-27T23:09:12.892Z,10,GR86-022-013,-72.5,-0.182,-1.253,2.36,1.0,4448.0,0.0,0.0,67.02
2025-03-27T23:09:12.936Z,10,GR86-022-013,-70.7,-0.171,-1.19,2.36,1.0,,0.0,0.0,
2025-03-27T23:09:12.982Z,10,GR86-022-013,-70.10000000000001,-0.1,-1.295,2.36,1.0,,0.0,0.0,
2025-03-27T23:09:13.026Z,10,GR86-022-013,-70.10000000000001,-0.171,-1.199,3.86,1.0,,0.0,0.0,
2025-03-27T23:09:13.071Z,10,GR86-022-013,-70.10000000000001,-0.23,-1.17,12.84,1.0,,0.0,0.0,
2025-03-27T23:09:13.115Z,10,GR86-022-013,-73.5,-0.301,-1.223,6.93,1.0,4242.0,0.0,0.0,65.48
2025-03-27T23:09:13.160Z,10,GR86-022-013,-81.5,-0.274,-1.25,4.68,1.0,,0.0,0.0,
2025-03-27T23:09:13.205Z,10,GR86-022-013,-88.2,-0.218,-1.413,3.12,1.0,,0.0,0.0,
2025-03-27T23:09:13.251Z,10,GR86-022-013,-95.1,-0.153,-1.253,3.09,1.0,,0.0,0.0,
2025-03-27T23:09:13.295Z,10,GR86-022-013,-100.7,-0.141,-1.341,3.0500000000000003,1.0,,0.0,0.0,
2025-03-27T23:09:13.340Z,10,GR86-022-013,-104.8,-0.14,-1.272,3.0500000000000003,1.0,4486.0,0.0,0.0,63.88
2025-03-27T23:09:13.384Z,10,GR86-022-013,-106.8,-0.186,-1.156,4.65,1.0,,0.0,0.0,
2025-03-27T23:09:13.428Z,10,GR86-022-013,-107.3,-0.223,-1.173,18.08,1.0,,0.0,0.0,
2025-03-27T23:09:13.472Z,10,GR86-022-013,-108.3,-0.246,-1.193,20.05,1.0,,0.0,0.0,
2025-03-27T23:09:13.516Z,10,GR86-022-013,-109.7,-0.176,-1.155,20.48,1.0,,0.0,0.0,
2025-03-27T23:09:13.561Z,10,GR86-022-013,-110.8,-0.181,-1.202,21.23,1.0,4316.0,0.0,0.0,62.5
2025-03-27T23:09:13.605Z,10,GR86-022-013,-111.6,-0.131,-1.198,22.0,1.0,,0.0,0.0,
2025-03-27T23:09:13.650Z,10,GR86-022-013,-111.9,-0.068,-1.106,24.78,1.0,,0.0,0.0,
2025-03-27T23:09:13.695Z,10,GR86-022-013,-111.3,0.209,-1.162,25.18,1.0,,0.0,0.0,
2025-03-27T23:09:13.740Z,10,GR86-022-013,-110.9,0.234,-1.306,25.21,1.0,,0.0,0.0,
2025-03-27T23:09:13.831Z,10,GR86-022-013,-111.5,0.169,-1.082,27.32,1.0,4695.0,0.0,0.0,61.56
2025-03-27T23:09:13.875Z,10,GR86-022-013,-112.9,0.152,-1.288,27.82,1.0,,0.0,0.0,
2025-03-27T23:09:13.921Z,10,GR86-022-013,-114.1,0.086,-1.127,27.8,1.0,,0.0,0.0,
2025-03-27T23:09:13.965Z,10,GR86-022-013,-114.3,0.124,-1.216,28.66,1.0,,0.0,0.0,
2025-03-27T23:09:14.011Z,10,GR86-022-013,-114.3,0.23,-1.122,29.95,1.0,4608.0,0.0,0.0,61.6
2025-03-27T23:09:14.055Z,10,GR86-022-013,-112.9,0.219,-1.237,30.87,1.0,,0.0,0.0,
2025-03-27T23:09:14.100Z,10,GR86-022-013,-109.5,0.252,-1.202,32.730000000000004,1.0,,0.0,0.0,
2025-03-27T23:09:14.144Z,10,GR86-022-013,-104.8,0.166,-1.104,35.7,1.0,,0.0,0.0,
2025-03-27T23:09:14.188Z,10,GR86-022-013,-100.5,0.196,-1.174,37.13,1.0,,0.0,0.0,
2025-03-27T23:09:14.232Z,10,GR86-022-013,-93.1,0.327,-1.112,37.52,1.0,4866.0,0.0,0.0,62.68
2025-03-27T23:09:14.276Z,10,GR86-022-013,-88.10000000000001,0.156,-1.102,44.04,1.0,,0.0,0.0,
2025-03-27T23:09:14.320Z,10,GR86-022-013,-82.2,0.206,-1.147,47.88,1.0,,0.0,0.0,
2025-03-27T23:09:14.365Z,10,GR86-022-013,-76.9,0.305,-1.162,54.46,1.0,,0.0,0.0,
2025-03-27T23:09:14.410Z,10,GR86-022-013,-71.5,0.394,-1.188,71.7,1.0,,0.0,0.0,
2025-03-27T23:09:14.454Z,10,GR86-022-013,-72.0,0.353,-0.937,98.32,1.0,4988.0,0.0,0.0,64.22
2025-03-27T23:09:14.498Z,10,GR86-022-013,-77.0,0.302,-1.09,99.77,1.0,,0.0,0.0,
2025-03-27T23:09:14.542Z,10,GR86-022-013,-80.9,0.448,-1.115,99.86,1.0,,0.0,0.0,
2025-03-27T23:09:14.586Z,10,GR86-022-013,-82.2,0.364,-1.055,99.86,1.0,,0.0,0.0,
2025-03-27T23:09:14.631Z,10,GR86-022-013,-82.10000000000001,0.26,-1.131,99.86,1.0,,0.0,0.0,
2025-03-27T23:09:14.675Z,10,GR86-022-013,-84.30000000000001,0.392,-1.163,99.86,1.0,5295.0,0.0,0.0,67.75
2025-03-27T23:09:14.720Z,10,GR86-022-013,-86.4,0.339,-1.089,99.86,1.0,,0.0,0.0,
2025-03-27T23:09:14.764Z,10,GR86-022-013,-86.60000000000001,0.317,-1.165,99.87,1.0,,0.0,0.0,
2025-03-27T23:09:14.808Z,10,GR86-022-013,-86.30000000000001,0.323,-1.185,99.85,1.0,,0.0,0.0,
2025-03-27T23:09:14.852Z,10,GR86-022-013,-85.5,0.373,-1.056,99.85,1.0,,0.0,0.0,
2025-03-27T23:09:14.896Z,10,GR86-022-013,-82.60000000000001,0.354,-1.123,99.86,1.0,5525.0,0.0,0.0,70.26
2025-03-27T23:09:14.940Z,10,GR86-022-013,-76.7,0.323,-1.147,99.85,1.0,,0.0,0.0,
2025-03-27T23:09:14.984Z,10,GR86-022-013,-70.9,0.338,-1.078,99.85,1.0,,0.0,0.0,
2025-03-27T23:09:15.028Z,10,GR86-022-013,-63.0,0.288,-1.098,99.85,1.0,,0.0,0.0,
2025-03-27T23:09:15.072Z,10,GR86-022-013,-52.900000000000006,0.362,-1.153,99.85,1.0,,0.0,0.0,
2025-03-27T23:09:15.116Z,10,GR86-022-013,-48.1,0.363,-1.146,99.85,1.0,5771.0,0.0,0.0,72.56
2025-03-27T23:09:15.160Z,10,GR86-022-013,-42.400000000000006,0.307,-1.138,99.86,1.0,,0.0,0.0,
2025-03-27T23:09:15.204Z,10,GR86-022-013,-37.8,0.319,-1.151,99.86,1.0,,0.0,0.0,
2025-03-27T23:09:15.248Z,10,GR86-022-013,-32.6,0.436,-1.186,99.86,1.0,,0.0,0.0,
2025-03-27T23:09:15.292Z,10,GR86-022-013,-18.5,0.395,-1.076,99.85,1.0,,0.0,0.0,
2025-03-27T23:09:15.336Z,10,GR86-022-013,-9.7,0.395,-1.053,99.86,1.0,5958.0,0.0,0.0,74.99
2025-03-27T23:09:15.382Z,10,GR86-022-013,-0.9,0.448,-0.894,99.86,1.0,,0.0,0.0,
2025-03-27T23:09:15.426Z,10,GR86-022-013,-6.0,0.461,-0.862,99.9,1.0,,0.0,0.0,
2025-03-27T23:09:15.471Z,10,GR86-022-013,-41.400000000000006,0.479,-0.928,99.92,1.0,,0.0,0.0,
2025-03-27T23:09:15.515Z,10,GR86-022-013,-64.3,0.424,-0.995,99.88,1.0,,0.0,0.0,
2025-03-27T23:09:15.560Z,10,GR86-022-013,-73.2,0.37,-0.966,99.87,1.0,5998.0,0.0,0.0,76.93
2025-03-27T23:09:15.605Z,10,GR86-022-013,-72.3,0.331,-0.964,99.86,1.0,,0.0,0.0,
2025-03-27T23:09:15.651Z,10,GR86-022-013,-71.4,0.324,-1.029,99.87,1.0,,0.0,0.0,
2025-03-27T23:09:15.695Z,10,GR86-022-013,-70.8,0.349,-1.056,99.86,1.0,,0.0,0.0,
2025-03-27T23:09:15.740Z,10,GR86-022-013,-69.0,0.346,-0.964,99.85,1.0,,0.0,0.0,
2025-03-27T23:09:15.828Z,10,GR86-022-013,-66.10000000000001,0.325,-0.905,99.84,1.0,6062.0,0.0,0.0,78.74
2025-03-27T23:09:15.872Z,10,GR86-022-013,-59.7,0.299,-0.915,99.86,1.0,,0.0,0.0,
2025-03-27T23:09:15.916Z,10,GR86-022-013,-59.7,0.282,-0.961,99.86,1.0,,0.0,0.0,
2025-03-27T23:09:15.961Z,10,GR86-022-013,-59.7,0.383,-0.892,99.85,1.0,,0.0,0.0,
2025-03-27T23:09:16.005Z,10,GR86-022-013,-57.6,0.399,-0.988,99.87,1.0,6264.0,0.0,0.0,82.28
2025-03-27T23:09:16.050Z,10,GR86-022-013,-50.0,0.353,-0.963,99.86,1.0,,0.0,0.0,
2025-03-27T23:09:16.095Z,10,GR86-022-013,-44.1,0.226,-0.999,99.87,1.0,,0.0,0.0,
2025-03-27T23:09:16.140Z,10,GR86-022-013,-42.6,0.306,-1.171,99.87,1.0,,0.0,0.0,
2025-03-27T23:09:16.184Z,10,GR86-022-013,-43.3,0.46,-0.953,99.86,1.0,,0.0,0.0,
2025-03-27T23:09:16.228Z,10,GR86-022-013,-43.7,0.382,-1.023,99.85,1.0,6519.0,0.0,0.0,84.69
2025-03-27T23:09:16.272Z,10,GR86-022-013,-35.800000000000004,0.346,-0.995,99.86,1.0,,0.0,0.0,
2025-03-27T23:09:16.316Z,10,GR86-022-013,-32.2,0.33,-1.009,99.86,1.0,,0.0,0.0,
2025-03-27T23:09:16.360Z,10,GR86-022-013,-23.700000000000003,0.407,-1.051,99.84,1.0,,0.0,0.0,
2025-03-27T23:09:16.404Z,10,GR86-022-013,-16.0,0.463,-0.974,99.87,1.0,,0.0,0.0,
2025-03-27T23:09:16.448Z,10,GR86-022-013,-9.5,0.449,-0.961,99.86,1.0,6837.0,0.0,0.0,87.02
2025-03-27T23:09:16.536Z,10,GR86-022-013,-14.9,0.399,-0.894,99.88,1.0,,0.0,0.0,
2025-03-27T23:09:16.582Z,10,GR86-022-013,-41.6,0.373,-1.008,99.89,1.0,,0.0,0.0,
2025-03-27T23:09:16.626Z,10,GR86-022-013,-44.5,0.374,-1.045,99.87,1.0,,0.0,0.0,
2025-03-27T23:09:16.671Z,10,GR86-022-013,-35.800000000000004,0.371,-1.059,99.86,1.0,7086.0,0.0,0.0,91.58
2025-03-27T23:09:16.760Z,10,GR86-022-013,-26.700000000000003,0.363,-0.937,99.86,1.0,,0.0,0.0,
2025-03-27T23:09:16.805Z,10,GR86-022-013,-10.5,0.382,-0.847,99.86,1.0,,0.0,0.0,
2025-03-27T23:09:16.850Z,10,GR86-022-013,-7.4,0.408,-0.774,99.87,1.0,,0.0,0.0,
2025-03-27T23:09:16.895Z,10,GR86-022-013,-7.800000000000001,0.426,-0.765,99.88,1.0,7230.0,0.0,0.0,94.02
2025-03-27T23:09:16.940Z,10,GR86-022-013,-7.4,0.412,-0.713,99.86,1.0,,0.0,0.0,
2025-03-27T23:09:16.984Z,10,GR86-022-013,-7.300000000000001,0.38,-0.657,99.88,1.0,,0.0,0.0,
2025-03-27T23:09:17.028Z,10,GR86-022-013,-7.7,0.388,-0.598,99.87,1.0,,0.0,0.0,
2025-03-27T23:09:17.072Z,10,GR86-022-013,-8.6,0.346,-0.482,99.88,1.0,,0.0,0.0,
2025-03-27T23:09:17.116Z,10,GR86-022-013,-11.0,0.294,-0.398,99.86,1.0,7280.0,0.0,0.0,95.81
2025-03-27T23:09:17.161Z,10,GR86-022-013,-13.4,0.265,-0.384,99.85,1.0,,0.0,0.0,
2025-03-27T23:09:17.205Z,10,GR86-022-013,-14.1,0.155,-0.329,99.86,1.0,,0.0,0.0,
2025-03-27T23:09:17.251Z,10,GR86-022-013,-10.6,0.027,-0.288,99.86,2.0,,0.0,0.0,
2025-03-27T23:09:17.340Z,10,GR86-022-013,-3.6,0.542,-0.443,99.89,2.0,6905.0,0.0,0.0,98.49
2025-03-27T23:09:17.385Z,10,GR86-022-013,-3.1,0.534,-0.247,99.86,2.0,,0.0,0.0,
2025-03-27T23:09:17.430Z,10,GR86-022-013,-3.1,0.303,-0.446,99.87,2.0,,0.0,0.0,
2025-03-27T23:09:17.474Z,10,GR86-022-013,-3.1,0.192,-0.227,99.86,2.0,,0.0,0.0,
2025-03-27T23:09:17.518Z,10,GR86-022-013,-3.1,0.194,-0.242,99.86,2.0,,0.0,0.0,
2025-03-27T23:09:17.562Z,10,GR86-022-013,-3.1,0.334,-0.273,99.86,2.0,5733.0,0.0,0.0,100.85
2025-03-27T23:09:17.606Z,10,GR86-022-013,-3.1,0.37,-0.126,99.85,2.0,,0.0,0.0,
2025-03-27T23:09:17.650Z,10,GR86-022-013,-3.1,0.284,-0.183,99.85,2.0,,0.0,0.0,
2025-03-27T23:09:17.695Z,10,GR86-022-013,-3.0,0.265,-0.177,99.86,2.0,,0.0,0.0,
2025-03-27T23:09:17.740Z,10,GR86-022-013,-2.7,0.263,-0.202,99.86,2.0,,0.0,0.0,
2025-03-27T23:09:17.784Z,10,GR86-022-013,-2.2,0.323,-0.191,99.88,2.0,6004.0,0.0,0.0,103.49
2025-03-27T23:09:17.828Z,10,GR86-022-013,-1.4,0.341,-0.15,99.86,2.0,,0.0,0.0,
2025-03-27T23:09:17.872Z,10,GR86-022-013,-0.4,0.312,-0.123,99.86,2.0,,0.0,0.0,
2025-03-27T23:09:17.916Z,10,GR86-022-013,-0.1,0.288,-0.128,99.86,2.0,,0.0,0.0,
2025-03-27T23:09:17.960Z,10,GR86-022-013,0.3,0.316,-0.147,99.87,2.0,,0.0,0.0,
2025-03-27T23:09:18.005Z,10,GR86-022-013,0.4,0.321,-0.113,99.87,2.0,6154.0,0.0,0.0,105.82
2025-03-27T23:09:18.050Z,10,GR86-022-013,0.4,0.312,-0.144,99.87,2.0,,0.0,0.0,
2025-03-27T23:09:18.095Z,10,GR86-022-013,0.6000000000000001,0.3,-0.113,99.86,2.0,,0.0,0.0,
2025-03-27T23:09:18.140Z,10,GR86-022-013,1.1,0.29,-0.122,99.86,2.0,,0.0,0.0,
2025-03-27T23:09:18.184Z,10,GR86-022-013,1.8,0.298,-0.108,99.86,2.0,,0.0,0.0,
2025-03-27T23:09:18.228Z,10,GR86-022-013,2.5,0.32,-0.111,99.88,2.0,6301.0,0.0,0.0,108.04
2025-03-27T23:09:18.272Z,10,GR86-022-013,3.1,0.322,-0.09,99.88,2.0,,0.0,0.0,
2025-03-27T23:09:18.316Z,10,GR86-022-013,3.2,0.3,-0.099,99.88,2.0,,0.0,0.0,
2025-03-27T23:09:18.361Z,10,GR86-022-013,3.5,0.295,-0.088,99.87,2.0,,0.0,0.0,
2025-03-27T23:09:18.405Z,10,GR86-022-013,3.8,0.287,-0.068,99.86,2.0,,0.0,0.0,
2025-03-27T23:09:18.450Z,10,GR86-022-013,4.4,0.308,-0.054,99.87,2.0,6428.0,0.0,0.0,110.29
2025-03-27T23:09:18.494Z,10,GR86-022-013,5.0,0.308,-0.038,99.87,2.0,,0.0,0.0,
2025-03-27T23:09:18.538Z,10,GR86-022-013,5.6000000000000005,0.299,-0.022,99.88,2.0,,0.0,0.0,
2025-03-27T23:09:18.582Z,10,GR86-022-013,6.300000000000001,0.294,-0.034,99.87,2.0,,0.0,0.0,
2025-03-27T23:09:18.626Z,10,GR86-022-013,6.7,0.318,-0.007,99.88,2.0,,0.0,0.0,
2025-03-27T23:09:18.671Z,10,GR86-022-013,6.7,0.301,-0.012,99.88,2.0,6679.0,0.0,0.0,114.72
2025-03-27T23:09:18.715Z,10,GR86-022-013,6.7,0.303,-0.015,99.89,2.0,,0.0,0.0,
2025-03-27T23:09:18.760Z,10,GR86-022-013,6.7,0.288,0.018,99.87,2.0,,0.0,0.0,
2025-03-27T23:09:18.804Z,10,GR86-022-013,6.7,0.305,0.01,99.88,2.0,,0.0,0.0,
2025-03-27T23:09:18.848Z,10,GR86-022-013,6.800000000000001,0.291,0.027,99.87,2.0,,0.0,0.0,
2025-03-27T23:09:18.892Z,10,GR86-022-013,7.300000000000001,0.293,0.022,99.88,2.0,6802.0,0.0,0.0,116.96
2025-03-27T23:09:18.936Z,10,GR86-022-013,8.0,0.329,0.023,99.87,2.0,,0.0,0.0,
2025-03-27T23:09:18.982Z,10,GR86-022-013,9.1,0.299,0.032,99.87,2.0,,0.0,0.0,
2025-03-27T23:09:19.026Z,10,GR86-022-013,10.1,0.307,0.054,99.87,2.0,,0.0,0.0,
2025-03-27T23:09:19.071Z,10,GR86-022-013,10.6,0.315,0.077,99.86,2.0,,0.0,0.0,
2025-03-27T23:09:19.115Z,10,GR86-022-013,11.1,0.315,0.114,99.88,2.0,6925.0,0.0,0.0,119.12
2025-03-27T23:09:19.160Z,10,GR86-022-013,11.4,0.304,0.087,99.87,2.0,,0.0,0.0,
2025-03-27T23:09:19.205Z,10,GR86-022-013,11.6,0.308,0.142,99.88,2.0,,0.0,0.0,
2025-03-27T23:09:19.251Z,10,GR86-022-013,11.9,0.291,0.163,99.88,2.0,,0.0,0.0,
2025-03-27T23:09:19.295Z,10,GR86-022-013,12.0,0.306,0.184,99.88,2.0,,0.0,0.0,
2025-03-27T23:09:19.340Z,10,GR86-022-013,12.2,0.298,0.157,99.87,2.0,7051.0,0.0,0.0,121.29
2025-03-27T23:09:19.384Z,10,GR86-022-013,12.2,0.295,0.159,99.86,2.0,,0.0,0.0,
2025-03-27T23:09:19.428Z,10,GR86-022-013,12.2,0.286,0.175,99.87,2.0,,0.0,0.0,
2025-03-27T23:09:19.472Z,10,GR86-022-013,12.3,0.277,0.192,99.86,2.0,,0.0,0.0,
2025-03-27T23:09:19.516Z,10,GR86-022-013,12.7,0.322,0.194,99.88,2.0,,0.0,0.0,
2025-03-27T23:09:19.561Z,10,GR86-022-013,13.6,0.276,0.174,99.88,2.0,7172.0,0.0,0.0,123.45
2025-03-27T23:09:19.605Z,10,GR86-022-013,14.4,0.296,0.194,99.89,2.0,,0.0,0.0,
2025-03-27T23:09:19.650Z,10,GR86-022-013,14.6,0.208,0.243,99.88,2.0,,0.0,0.0,
2025-03-27T23:09:19.694Z,10,GR86-022-013,14.6,0.002,0.234,99.85,3.0,,0.0,0.0,
2025-03-27T23:09:19.738Z,10,GR86-022-013,14.8,0.135,0.272,99.88,3.0,,0.0,0.0,
2025-03-27T23:09:19.782Z,10,GR86-022-013,16.5,0.591,0.191,99.87,3.0,7276.0,0.0,0.0,125.55
2025-03-27T23:09:19.826Z,10,GR86-022-013,18.0,0.457,0.25,99.87,3.0,,0.0,0.0,
2025-03-27T23:09:19.871Z,10,GR86-022-013,19.200000000000003,0.182,0.354,99.87,3.0,,0.0,0.0,
2025-03-27T23:09:19.915Z,10,GR86-022-013,19.200000000000003,0.143,0.306,99.87,3.0,,0.0,0.0,
2025-03-27T23:09:19.960Z,10,GR86-022-013,19.200000000000003,0.18,0.375,99.87,3.0,,0.0,0.0,
2025-03-27T23:09:20.004Z,10,GR86-022-013,19.200000000000003,0.307,0.394,99.89,3.0,5937.0,0.0,0.0,127.19
2025-03-27T23:09:20.048Z,10,GR86-022-013,19.200000000000003,0.282,0.363,99.86,3.0,,0.0,0.0,
2025-03-27T23:09:20.092Z,10,GR86-022-013,19.200000000000003,0.211,0.426,99.87,3.0,,0.0,0.0,
2025-03-27T23:09:20.136Z,10,GR86-022-013,19.200000000000003,0.236,0.409,99.88,3.0,,0.0,0.0,
2025-03-27T23:09:20.182Z,10,GR86-022-013,19.200000000000003,0.232,0.431,99.87,3.0,,0.0,0.0,
2025-03-27T23:09:20.226Z,10,GR86-022-013,19.200000000000003,0.248,0.433,99.88,3.0,6057.0,0.0,0.0,129.23
2025-03-27T23:09:20.271Z,10,GR86-022-013,19.200000000000003,0.226,0.42,99.87,3.0,,0.0,0.0,
2025-03-27T23:09:20.315Z,10,GR86-022-013,19.200000000000003,0.216,0.416,99.9,3.0,,0.0,0.0,
2025-03-27T23:09:20.360Z,10,GR86-022-013,19.4,0.277,0.399,99.89,3.0,,0.0,0.0,
2025-03-27T23:09:20.405Z,10,GR86-022-013,20.1,0.22,0.377,99.88,3.0,,0.0,0.0,
2025-03-27T23:09:20.451Z,10,GR86-022-013,20.5,0.237,0.387,99.88,3.0,6153.0,0.0,0.0,131.03
2025-03-27T23:09:20.495Z,10,GR86-022-013,20.5,0.217,0.386,99.88,3.0,,0.0,0.0,
2025-03-27T23:09:20.540Z,10,GR86-022-013,20.700000000000003,0.223,0.411,99.88,3.0,,0.0,0.0,
2025-03-27T23:09:20.584Z,10,GR86-022-013,21.1,0.27,0.402,99.88,3.0,,0.0,0.0,
2025-03-27T23:09:20.628Z,10,GR86-022-013,22.1,0.225,0.417,99.88,3.0,,0.0,0.0,
2025-03-27T23:09:20.672Z,10,GR86-022-013,24.0,0.25,0.441,99.88,3.0,6310.0,0.0,0.0,134.33
2025-03-27T23:09:20.716Z,10,GR86-022-013,24.4,0.235,0.47,99.88,3.0,,0.0,0.0,
2025-03-27T23:09:20.761Z,10,GR86-022-013,24.4,0.236,0.469,99.9,3.0,,0.0,0.0,
2025-03-27T23:09:20.805Z,10,GR86-022-013,24.4,0.246,0.507,99.88,3.0,,0.0,0.0,
2025-03-27T23:09:20.850Z,10,GR86-022-013,24.4,0.229,0.521,99.87,3.0,,0.0,0.0,
2025-03-27T23:09:20.895Z,10,GR86-022-013,24.4,0.256,0.54,99.89,3.0,6397.0,0.0,0.0,135.97
2025-03-27T23:09:20.940Z,10,GR86-022-013,24.6,0.245,0.558,99.89,3.0,,0.0,0.0,
2025-03-27T23:09:20.985Z,10,GR86-022-013,25.4,0.217,0.591,99.88,3.0,,0.0,0.0,
2025-03-27T23:09:21.030Z,10,GR86-022-013,26.200000000000003,0.205,0.586,99.89,3.0,,0.0,0.0,
2025-03-27T23:09:21.075Z,10,GR86-022-013,26.6,0.218,0.599,99.89,3.0,,0.0,0.0,
2025-03-27T23:09:21.121Z,10,GR86-022-013,27.0,0.238,0.594,99.88,3.0,6476.0,0.0,0.0,137.55
2025-03-27T23:09:21.165Z,10,GR86-022-013,27.700000000000003,0.251,0.631,99.89,3.0,,0.0,0.0,
2025-03-27T23:09:21.211Z,10,GR86-022-013,28.200000000000003,0.237,0.636,99.88,3.0,,0.0,0.0,
2025-03-27T23:09:21.255Z,10,GR86-022-013,28.200000000000003,0.23,0.612,99.9,3.0,,0.0,0.0,
2025-03-27T23:09:21.299Z,10,GR86-022-013,28.1,0.217,0.615,99.89,3.0,,0.0,0.0,
2025-03-27T23:09:21.344Z,10,GR86-022-013,27.5,0.211,0.657,99.88,3.0,6548.0,0.0,0.0,139.25
2025-03-27T23:09:21.388Z,10,GR86-022-013,27.0,0.244,0.639,99.87,3.0,,0.0,0.0,
2025-03-27T23:09:21.432Z,10,GR86-022-013,26.9,0.221,0.638,99.89,3.0,,0.0,0.0,
2025-03-27T23:09:21.476Z,10,GR86-022-013,26.9,0.225,0.652,99.89,3.0,,0.0,0.0,
2025-03-27T23:09:21.521Z,10,GR86-022-013,26.9,0.242,0.65,99.86,3.0,,0.0,0.0,
2025-03-27T23:09:21.565Z,10,GR86-022-013,26.9,0.233,0.654,99.87,3.0,6621.0,0.0,0.0,140.71
2025-03-27T23:09:21.610Z,10,GR86-022-013,26.9,0.234,0.627,99.89,3.0,,0.0,0.0,
2025-03-27T23:09:21.654Z,10,GR86-022-013,27.1,0.2,0.611,99.88,3.0,,0.0,0.0,
2025-03-27T23:09:21.698Z,10,GR86-022-013,27.4,0.211,0.617,99.88,3.0,,0.0,0.0,
2025-03-27T23:09:21.742Z,10,GR86-022-013,27.4,0.225,0.635,99.89,3.0,,0.0,0.0,
2025-03-27T23:09:21.786Z,10,GR86-022-013,27.4,0.244,0.663,99.89,3.0,6697.0,0.0,0.0,142.23
2025-03-27T23:09:21.831Z,10,GR86-022-013,27.5,0.235,0.711,99.88,3.0,,0.0,0.0,
2025-03-27T23:09:21.875Z,10,GR86-022-013,27.6,0.239,0.6880000000000001,99.88,3.0,,0.0,0.0,
2025-03-27T23:09:21.964Z,10,GR86-022-013,28.1,0.205,0.7020000000000001,99.88,3.0,,0.0,0.0,
2025-03-27T23:09:22.008Z,10,GR86-022-013,27.8,0.218,0.6900000000000001,99.88,3.0,6776.0,0.0,0.0,143.70000000000002
2025-03-27T23:09:22.052Z,10,GR86-022-013,28.3,0.224,0.66,99.88,3.0,,0.0,0.0,
2025-03-27T23:09:22.096Z,10,GR86-022-013,28.1,0.22,0.662,99.88,3.0,,0.0,0.0,
2025-03-27T23:09:22.140Z,10,GR86-022-013,28.0,0.242,0.674,99.88,3.0,,0.0,0.0,
2025-03-27T23:09:22.185Z,10,GR86-022-013,27.9,0.227,0.643,99.9,3.0,,0.0,0.0,
2025-03-27T23:09:22.231Z,10,GR86-022-013,27.9,0.197,0.662,99.89,3.0,6831.0,0.0,0.0,145.45000000000002
2025-03-27T23:09:22.275Z,10,GR86-022-013,27.8,0.207,0.64,99.89,3.0,,0.0,0.0,
2025-03-27T23:09:22.321Z,10,GR86-022-013,27.1,0.22,0.634,99.88,3.0,,0.0,0.0,
2025-03-27T23:09:22.365Z,10,GR86-022-013,25.9,0.225,0.657,99.88,3.0,,0.0,0.0,
2025-03-27T23:09:22.411Z,10,GR86-022-013,24.6,0.227,0.646,99.88,3.0,,0.0,0.0,
2025-03-27T23:09:22.455Z,10,GR86-022-013,24.5,0.219,0.647,99.89,3.0,6894.0,0.0,0.0,146.92000000000002
2025-03-27T23:09:22.500Z,10,GR86-022-013,24.8,0.223,0.651,99.88,3.0,,0.0,0.0,
2025-03-27T23:09:22.544Z,10,GR86-022-013,24.8,0.207,0.677,99.88,3.0,,0.0,0.0,
2025-03-27T23:09:22.588Z,10,GR86-022-013,24.8,0.212,0.652,99.89,3.0,,0.0,0.0,
2025-03-27T23:09:22.632Z,10,GR86-022-013,24.8,0.237,0.648,99.9,3.0,,0.0,0.0,
2025-03-27T23:09:22.676Z,10,GR86-022-013,24.4,0.215,0.591,99.9,3.0,7034.0,0.0,0.0,149.82
2025-03-27T23:09:22.765Z,10,GR86-022-013,24.0,0.199,0.544,99.88,3.0,,0.0,0.0,
2025-03-27T23:09:22.810Z,10,GR86-022-013,23.5,0.215,0.548,99.88,3.0,,0.0,0.0,
2025-03-27T23:09:22.854Z,10,GR86-022-013,23.3,0.221,0.541,99.89,3.0,,0.0,0.0,
2025-03-27T23:09:22.898Z,10,GR86-022-013,22.4,0.21,0.508,99.88,3.0,7109.0,0.0,0.0,151.18
2025-03-27T23:09:22.986Z,10,GR86-022-013,20.5,0.2,0.557,99.9,3.0,,0.0,0.0,
2025-03-27T23:09:23.031Z,10,GR86-022-013,18.6,0.226,0.533,99.89,3.0,,0.0,0.0,
2025-03-27T23:09:23.075Z,10,GR86-022-013,19.3,0.228,0.532,99.89,3.0,,0.0,0.0,
2025-03-27T23:09:23.120Z,10,GR86-022-013,19.8,0.214,0.516,99.9,3.0,7174.0,0.0,0.0,152.6
2025-03-27T23:09:23.164Z,10,GR86-022-013,19.8,0.205,0.501,99.87,3.0,,0.0,0.0,
2025-03-27T23:09:23.208Z,10,GR86-022-013,19.8,0.224,0.443,99.88,3.0,,0.0,0.0,
2025-03-27T23:09:23.296Z,10,GR86-022-013,19.8,0.229,0.471,99.87,3.0,,0.0,0.0,
2025-03-27T23:09:23.340Z,10,GR86-022-013,20.9,0.203,0.398,99.89,3.0,7213.0,0.0,0.0,154.16
2025-03-27T23:09:23.385Z,10,GR86-022-013,21.0,0.184,0.393,99.88,3.0,,0.0,0.0,
2025-03-27T23:09:23.430Z,10,GR86-022-013,21.0,0.191,0.408,99.88,3.0,,0.0,0.0,
2025-03-27T23:09:23.475Z,10,GR86-022-013,21.0,-0.125,0.409,99.89,4.0,,0.0,0.0,
2025-03-27T23:09:23.521Z,10,GR86-022-013,20.8,0.065,0.439,99.88,4.0,,0.0,0.0,
2025-03-27T23:09:23.565Z,10,GR86-022-013,20.9,0.524,0.396,99.88,4.0,7094.0,0.0,0.0,155.52
2025-03-27T23:09:23.611Z,10,GR86-022-013,21.0,0.213,0.483,99.89,4.0,,0.0,0.0,
2025-03-27T23:09:23.655Z,10,GR86-022-013,21.0,0.025,0.514,99.88,4.0,,0.0,0.0,
2025-03-27T23:09:23.699Z,10,GR86-022-013,21.0,0.152,0.424,99.89,4.0,,0.0,0.0,
2025-03-27T23:09:23.744Z,10,GR86-022-013,20.700000000000003,0.205,0.514,99.89,4.0,,0.0,0.0,
2025-03-27T23:09:23.788Z,10,GR86-022-013,19.700000000000003,0.199,0.547,99.89,4.0,6080.0,0.0,0.0,156.52
2025-03-27T23:09:23.832Z,10,GR86-022-013,18.6,0.139,0.427,99.88,4.0,,0.0,0.0,
2025-03-27T23:09:23.876Z,10,GR86-022-013,18.6,0.164,0.462,99.89,4.0,,0.0,0.0,
2025-03-27T23:09:23.921Z,10,GR86-022-013,18.6,0.187,0.443,99.9,4.0,,0.0,0.0,
2025-03-27T23:09:23.965Z,10,GR86-022-013,18.6,0.168,0.437,99.88,4.0,,0.0,0.0,
2025-03-27T23:09:24.010Z,10,GR86-022-013,18.6,0.159,0.39,99.89,4.0,6216.0,0.0,0.0,157.82
2025-03-27T23:09:24.054Z,10,GR86-022-013,18.5,0.175,0.417,99.89,4.0,,0.0,0.0,
2025-03-27T23:09:24.098Z,10,GR86-022-013,18.3,0.193,0.407,99.88,4.0,,0.0,0.0,
2025-03-27T23:09:24.142Z,10,GR86-022-013,18.2,0.174,0.431,99.9,4.0,,0.0,0.0,
2025-03-27T23:09:24.186Z,10,GR86-022-013,17.900000000000002,0.182,0.393,99.87,4.0,,0.0,0.0,
2025-03-27T23:09:24.231Z,10,GR86-022-013,16.5,0.165,0.406,99.9,4.0,6262.0,0.0,0.0,158.89
2025-03-27T23:09:24.275Z,10,GR86-022-013,15.5,0.196,0.374,99.88,4.0,,0.0,0.0,
2025-03-27T23:09:24.320Z,10,GR86-022-013,15.1,0.183,0.348,99.9,4.0,,0.0,0.0,
2025-03-27T23:09:24.364Z,10,GR86-022-013,15.1,0.161,0.324,99.89,4.0,,0.0,0.0,
2025-03-27T23:09:24.408Z,10,GR86-022-013,15.0,0.163,0.304,99.88,4.0,,0.0,0.0,
2025-03-27T23:09:24.452Z,10,GR86-022-013,14.6,0.192,0.33,99.89,4.0,6306.0,0.0,0.0,160.02
2025-03-27T23:09:24.496Z,10,GR86-022-013,14.3,0.177,0.309,99.9,4.0,,0.0,0.0,
2025-03-27T23:09:24.540Z,10,GR86-022-013,14.1,0.173,0.303,99.88,4.0,,0.0,0.0,
2025-03-27T23:09:24.585Z,10,GR86-022-013,14.0,0.171,0.268,99.89,4.0,,0.0,0.0,
2025-03-27T23:09:24.630Z,10,GR86-022-013,14.0,0.175,0.278,99.88,4.0,,0.0,0.0,
2025-03-27T23:09:24.675Z,10,GR86-022-013,14.0,0.178,0.273,99.89,4.0,6388.0,0.0,0.0,162.31
2025-03-27T23:09:24.721Z,10,GR86-022-013,14.0,0.193,0.248,99.89,4.0,,0.0,0.0,
2025-03-27T23:09:24.765Z,10,GR86-022-013,14.0,0.161,0.238,99.89,4.0,,0.0,0.0,
2025-03-27T23:09:24.811Z,10,GR86-022-013,14.0,0.18,0.24,99.88,4.0,,0.0,0.0,
2025-03-27T23:09:24.855Z,10,GR86-022-013,14.0,0.175,0.25,99.88,4.0,,0.0,0.0,
2025-03-27T23:09:24.899Z,10,GR86-022-013,14.0,0.175,0.256,99.9,4.0,6436.0,0.0,0.0,163.41
2025-03-27T23:09:24.944Z,10,GR86-022-013,14.0,0.185,0.272,99.9,4.0,,0.0,0.0,
2025-03-27T23:09:24.988Z,10,GR86-022-013,14.0,0.195,0.25,99.88,4.0,,0.0,0.0,
2025-03-27T23:09:25.032Z,10,GR86-022-013,13.7,0.176,0.257,99.88,4.0,,0.0,0.0,
2025-03-27T23:09:25.076Z,10,GR86-022-013,13.4,0.175,0.263,99.88,4.0,,0.0,0.0,
2025-03-27T23:09:25.121Z,10,GR86-022-013,13.4,0.16,0.251,99.89,4.0,6477.0,0.0,0.0,164.62
2025-03-27T23:09:25.165Z,10,GR86-022-013,13.3,0.193,0.252,99.9,4.0,,0.0,0.0,
2025-03-27T23:09:25.210Z,10,GR86-022-013,13.2,0.171,0.241,99.88,4.0,,0.0,0.0,
2025-03-27T23:09:25.254Z,10,GR86-022-013,13.0,0.173,0.25,99.89,4.0,,0.0,0.0,
2025-03-27T23:09:25.298Z,10,GR86-022-013,13.0,0.175,0.258,99.89,4.0,,0.0,0.0,
2025-03-27T23:09:25.342Z,10,GR86-022-013,13.0,0.156,0.244,99.89,4.0,6523.0,0.0,0.0,165.76
2025-03-27T23:09:25.386Z,10,GR86-022-013,13.0,0.165,0.24,99.9,4.0,,0.0,0.0,
2025-03-27T23:09:25.431Z,10,GR86-022-013,13.0,0.175,0.232,99.88,4.0,,0.0,0.0,
2025-03-27T23:09:25.475Z,10,GR86-022-013,13.0,0.177,0.21,99.88,4.0,,0.0,0.0,
2025-03-27T23:09:25.520Z,10,GR86-022-013,13.0,0.166,0.24,99.88,4.0,,0.0,0.0,
2025-03-27T23:09:25.564Z,10,GR86-022-013,13.2,0.176,0.194,99.89,4.0,6571.0,0.0,0.0,166.92000000000002
2025-03-27T23:09:25.608Z,10,GR86-022-013,13.9,0.158,0.188,99.88,4.0,,0.0,0.0,
2025-03-27T23:09:25.652Z,10,GR86-022-013,15.5,0.163,0.213,99.88,4.0,,0.0,0.0,
2025-03-27T23:09:25.696Z,10,GR86-022-013,16.400000000000002,0.159,0.249,99.89,4.0,,0.0,0.0,
2025-03-27T23:09:25.740Z,10,GR86-022-013,16.7,0.168,0.282,99.89,4.0,,0.0,0.0,
2025-03-27T23:09:25.785Z,10,GR86-022-013,16.8,0.159,0.289,99.89,4.0,6617.0,0.0,0.0,168.07
2025-03-27T23:09:25.830Z,10,GR86-022-013,17.1,0.158,0.313,99.89,4.0,,0.0,0.0,
2025-03-27T23:09:25.875Z,10,GR86-022-013,17.3,0.173,0.337,99.89,4.0,,0.0,0.0,
2025-03-27T23:09:25.921Z,10,GR86-022-013,17.5,0.174,0.355,99.89,4.0,,0.0,0.0,
2025-03-27T23:09:25.965Z,10,GR86-022-013,17.6,0.159,0.367,99.88,4.0,,0.0,0.0,
2025-03-27T23:09:26.011Z,10,GR86-022-013,17.6,0.17,0.383,99.89,4.0,6664.0,0.0,0.0,169.24
2025-03-27T23:09:26.055Z,10,GR86-022-013,17.6,0.179,0.375,99.89,4.0,,0.0,0.0,
